0 0.099853515625 0.7630208333333333 0.01611328125 0.02734375
0 0.079833984375 0.7542317708333333 0.01513671875 0.026692708333333332
0 0.06103515625 0.7555338541666666 0.013671875 0.026692708333333332
0 0.04296875 0.751953125 0.0146484375 0.026041666666666664
0 0.025634765625 0.7477213541666666 0.01318359375 0.025390625
0 0.02734375 0.7926432291666666 0.0126953125 0.025390625
0 0.009033203125 0.7434895833333333 0.01318359375 0.026041666666666664
0 0.3515625 0.6927083333333333 0.0205078125 0.03125
0 0.45361328125 0.29296875 0.025390625 0.037760416666666664
0 0.875244140625 0.31640625 0.04150390625 0.046875
0 0.712158203125 0.8919270833333333 0.03369140625 0.04036458333333333
0 0.046142578125 0.21354166666666666 0.01416015625 0.026041666666666664
0 0.027099609375 0.20572916666666666 0.01318359375 0.026041666666666664
0 0.010009765625 0.2099609375 0.01123046875 0.025390625
