0 0.163818359375 0.31217447916666663 0.03076171875 0.037109375
0 0.037109375 0.3850911458333333 0.0380859375 0.037109375
0 0.179443359375 0.779296875 0.03076171875 0.037760416666666664
0 0.236083984375 0.845703125 0.02978515625 0.03645833333333333
0 0.61328125 0.8030598958333333 0.0185546875 0.027994791666666664
0 0.416748046875 0.2373046875 0.02294921875 0.030598958333333332
0 0.450927734375 0.16731770833333331 0.02490234375 0.03125
0 0.617431640625 0.4970703125 0.01904296875 0.030598958333333332
0 0.648193359375 0.40234375 0.01806640625 0.028645833333333332
0 0.776611328125 0.357421875 0.01513671875 0.026041666666666664
