0 0.64111328125 0.5244140625 0.0185546875 0.027994791666666664
0 0.678955078125 0.4208984375 0.01904296875 0.027994791666666664
0 0.77783203125 0.3577473958333333 0.015625 0.025390625
0 0.50244140625 0.31901041666666663 0.0234375 0.03125
0 0.17919921875 0.7786458333333333 0.0302734375 0.03645833333333333
0 0.236083984375 0.8453776041666666 0.02978515625 0.03450520833333333
0 0.61376953125 0.8033854166666666 0.0185546875 0.028645833333333332
0 0.03662109375 0.3850911458333333 0.03515625 0.039713541666666664
0 0.1640625 0.310546875 0.03125 0.03645833333333333
0 0.449951171875 0.16471354166666666 0.02197265625 0.029947916666666664
