0 0.693603515625 0.4007161458333333 0.01611328125 0.026692708333333332
0 0.60595703125 0.6998697916666666 0.017578125 0.02734375
0 0.799072265625 0.7669270833333333 0.01220703125 0.020833333333333332
0 0.2841796875 0.8606770833333333 0.0283203125 0.03515625
0 0.243408203125 0.8623046875 0.02978515625 0.035807291666666664
0 0.202880859375 0.8759765625 0.03173828125 0.035807291666666664
0 0.16015625 0.8850911458333333 0.033203125 0.03841145833333333
0 0.115234375 0.8935546875 0.0341796875 0.039713541666666664
0 0.06689453125 0.9013671875 0.037109375 0.039713541666666664
0 0.01806640625 0.912109375 0.0361328125 0.041666666666666664
0 0.111083984375 0.9632161458333333 0.03564453125 0.039713541666666664
0 0.2509765625 0.14876302083333331 0.029296875 0.035807291666666664
0 0.2119140625 0.1240234375 0.03125 0.037109375
0 0.167724609375 0.10774739583333333 0.03271484375 0.03841145833333333
0 0.127685546875 0.123046875 0.03564453125 0.04036458333333333
0 0.08154296875 0.09342447916666666 0.0361328125 0.041015625
0 0.033447265625 0.09798177083333333 0.03857421875 0.041015625
0 0.0224609375 0.154296875 0.0390625 0.04296875
0 0.859619140625 0.46647135416666663 0.01123046875 0.021484375
0 0.901611328125 0.4241536458333333 0.01025390625 0.020182291666666664
0 0.91552734375 0.732421875 0.0087890625 0.020833333333333332
0 0.89794921875 0.6920572916666666 0.009765625 0.020833333333333332
