0 0.1650390625 0.3134765625 0.03125 0.035807291666666664
0 0.036865234375 0.384765625 0.03564453125 0.03645833333333333
0 0.178955078125 0.779296875 0.03173828125 0.03645833333333333
0 0.236083984375 0.8450520833333333 0.02978515625 0.03645833333333333
0 0.61376953125 0.8037109375 0.01953125 0.029296875
0 0.735595703125 0.6389973958333333 0.01611328125 0.026692708333333332
0 0.708984375 0.46842447916666663 0.0166015625 0.027994791666666664
0 0.77734375 0.3577473958333333 0.015625 0.025390625
0 0.81396484375 0.49609375 0.0146484375 0.024739583333333332
0 0.947021484375 0.7594401041666666 0.01025390625 0.022786458333333332
