0 0.6064453125 0.7001953125 0.017578125 0.027994791666666664
0 0.2841796875 0.861328125 0.0283203125 0.03515625
0 0.2431640625 0.8629557291666666 0.029296875 0.035807291666666664
0 0.202880859375 0.8776041666666666 0.03173828125 0.03645833333333333
0 0.159912109375 0.8854166666666666 0.03271484375 0.037760416666666664
0 0.114990234375 0.8932291666666666 0.03466796875 0.0390625
0 0.0673828125 0.9020182291666666 0.037109375 0.039713541666666664
0 0.017822265625 0.912109375 0.03564453125 0.041666666666666664
0 0.111328125 0.9638671875 0.03515625 0.039713541666666664
0 0.693603515625 0.40006510416666663 0.01611328125 0.026692708333333332
0 0.798828125 0.7679036458333333 0.01171875 0.022786458333333332
0 0.25146484375 0.1484375 0.029296875 0.037760416666666664
0 0.2119140625 0.12434895833333333 0.03125 0.037760416666666664
0 0.16796875 0.10872395833333333 0.033203125 0.0390625
0 0.1279296875 0.12337239583333333 0.03515625 0.041015625
0 0.08154296875 0.09375 0.037109375 0.041666666666666664
0 0.03271484375 0.09830729166666666 0.0390625 0.041666666666666664
0 0.022705078125 0.15397135416666666 0.03759765625 0.04231770833333333
0 0.8984375 0.6917317708333333 0.0107421875 0.021484375
0 0.916015625 0.7320963541666666 0.0087890625 0.020182291666666664
0 0.860107421875 0.4661458333333333 0.01123046875 0.020833333333333332
0 0.90234375 0.4251302083333333 0.009765625 0.022135416666666664
