0 0.91650390625 0.732421875 0.009765625 0.020833333333333332
0 0.898193359375 0.69140625 0.00927734375 0.020833333333333332
0 0.833740234375 0.74609375 0.01025390625 0.022135416666666664
0 0.65185546875 0.5869140625 0.0146484375 0.026692708333333332
0 0.763916015625 0.2659505208333333 0.01318359375 0.025390625
0 0.6865234375 0.37662760416666663 0.0146484375 0.026692708333333332
0 0.548828125 0.8076171875 0.0185546875 0.027994791666666664
0 0.445068359375 0.5634765625 0.02197265625 0.031901041666666664
0 0.365966796875 0.791015625 0.02392578125 0.03125
0 0.284423828125 0.8606770833333333 0.02685546875 0.03515625
0 0.2431640625 0.8629557291666666 0.0283203125 0.035807291666666664
0 0.202880859375 0.8766276041666666 0.03076171875 0.037109375
0 0.159912109375 0.8844401041666666 0.03271484375 0.037109375
0 0.11083984375 0.9635416666666666 0.03515625 0.0390625
0 0.114990234375 0.8929036458333333 0.03466796875 0.03841145833333333
0 0.0673828125 0.9016927083333333 0.037109375 0.04036458333333333
0 0.017822265625 0.9114583333333333 0.03564453125 0.041666666666666664
0 0.018310546875 0.7737630208333333 0.03662109375 0.041015625
0 0.00927734375 0.6764322916666666 0.0185546875 0.04036458333333333
0 0.799072265625 0.7669270833333333 0.01123046875 0.022135416666666664
0 0.25146484375 0.14876302083333331 0.0283203125 0.03450520833333333
0 0.212158203125 0.123046875 0.02978515625 0.0390625
0 0.16796875 0.10807291666666666 0.0322265625 0.037760416666666664
0 0.128662109375 0.12239583333333333 0.03466796875 0.041666666666666664
0 0.08203125 0.0927734375 0.03515625 0.041015625
0 0.033447265625 0.09733072916666666 0.03955078125 0.041015625
0 0.022705078125 0.15397135416666666 0.03759765625 0.041015625
