0 0.814697265625 0.884765625 0.03759765625 0.04427083333333333
0 0.71240234375 0.8916015625 0.0322265625 0.04231770833333333
0 0.4033203125 0.5572916666666666 0.0244140625 0.03645833333333333
0 0.439697265625 0.263671875 0.02587890625 0.037760416666666664
0 0.295166015625 0.7972005208333333 0.02001953125 0.030598958333333332
0 0.18798828125 0.52734375 0.017578125 0.029947916666666664
0 0.14501953125 0.724609375 0.015625 0.02734375
0 0.100341796875 0.7620442708333333 0.01513671875 0.027994791666666664
0 0.079833984375 0.7535807291666666 0.01416015625 0.026692708333333332
0 0.061767578125 0.7545572916666666 0.01318359375 0.02734375
0 0.043701171875 0.7509765625 0.01318359375 0.026692708333333332
0 0.028076171875 0.7926432291666666 0.01318359375 0.025390625
0 0.02587890625 0.7470703125 0.0126953125 0.025390625
0 0.009521484375 0.7434895833333333 0.01220703125 0.026041666666666664
0 0.575439453125 0.028645833333333332 0.03076171875 0.04427083333333333
0 0.04736328125 0.21158854166666666 0.013671875 0.02734375
0 0.028076171875 0.20670572916666666 0.01318359375 0.025390625
0 0.010498046875 0.208984375 0.01318359375 0.026041666666666664
