0 0.3955078125 0.23404947916666666 0.0244140625 0.030598958333333332
0 0.831298828125 0.32291666666666663 0.01513671875 0.024739583333333332
0 0.95703125 0.310546875 0.013671875 0.022135416666666664
0 0.97509765625 0.3134765625 0.013671875 0.021484375
0 0.992919921875 0.318359375 0.01220703125 0.020833333333333332
0 0.98876953125 0.43326822916666663 0.0146484375 0.022786458333333332
0 0.997314453125 0.453125 0.00439453125 0.016927083333333332
0 0.9765625 0.51171875 0.0146484375 0.0234375
0 0.992919921875 0.5006510416666666 0.01318359375 0.0234375
0 0.90625 0.8125 0.015625 0.028645833333333332
0 0.995849609375 0.84375 0.00732421875 0.026041666666666664
0 0.991943359375 0.8948567708333333 0.01318359375 0.027994791666666664
0 0.994384765625 0.9300130208333333 0.01025390625 0.025390625
