0 0.39501953125 0.23372395833333331 0.0234375 0.029947916666666664
0 0.83154296875 0.3235677083333333 0.015625 0.024739583333333332
0 0.90625 0.8128255208333333 0.0166015625 0.027994791666666664
0 0.97607421875 0.5123697916666666 0.0146484375 0.026041666666666664
0 0.98828125 0.4339192708333333 0.013671875 0.024088541666666664
0 0.95703125 0.3098958333333333 0.013671875 0.022135416666666664
0 0.974609375 0.3134765625 0.0126953125 0.024088541666666664
0 0.9931640625 0.3173828125 0.01171875 0.022786458333333332
0 0.992919921875 0.5006510416666666 0.01318359375 0.024739583333333332
0 0.99560546875 0.84375 0.0078125 0.026041666666666664
0 0.991943359375 0.89453125 0.01318359375 0.028645833333333332
0 0.994140625 0.9309895833333333 0.0107421875 0.02734375
