0 0.394775390625 0.2333984375 0.02392578125 0.031901041666666664
0 0.90673828125 0.8128255208333333 0.015625 0.027994791666666664
0 0.991455078125 0.89453125 0.01318359375 0.026041666666666664
0 0.994384765625 0.9300130208333333 0.01025390625 0.025390625
0 0.97607421875 0.5120442708333333 0.015625 0.022786458333333332
0 0.992919921875 0.5003255208333333 0.01318359375 0.024088541666666664
0 0.98876953125 0.4329427083333333 0.013671875 0.022135416666666664
0 0.831298828125 0.32291666666666663 0.01416015625 0.024739583333333332
0 0.95703125 0.31022135416666663 0.013671875 0.021484375
0 0.974609375 0.3138020833333333 0.0126953125 0.020833333333333332
0 0.992919921875 0.318359375 0.01220703125 0.022135416666666664
