0 0.3955078125 0.2333984375 0.0224609375 0.031901041666666664
0 0.83154296875 0.3232421875 0.0146484375 0.024088541666666664
0 0.95654296875 0.3095703125 0.013671875 0.024088541666666664
0 0.975830078125 0.31315104166666663 0.01416015625 0.024739583333333332
0 0.991943359375 0.31608072916666663 0.00927734375 0.020182291666666664
0 0.98828125 0.43131510416666663 0.01171875 0.022786458333333332
0 0.993408203125 0.4993489583333333 0.01123046875 0.0234375
0 0.976318359375 0.5107421875 0.01318359375 0.025390625
0 0.90625 0.8121744791666666 0.015625 0.027994791666666664
0 0.99267578125 0.8912760416666666 0.013671875 0.02734375
