0 0.39599609375 0.23404947916666666 0.0244140625 0.030598958333333332
0 0.83154296875 0.3232421875 0.015625 0.024088541666666664
0 0.956298828125 0.31022135416666663 0.01416015625 0.021484375
0 0.974853515625 0.314453125 0.01318359375 0.022135416666666664
0 0.99267578125 0.31803385416666663 0.01171875 0.018880208333333332
0 0.98828125 0.43326822916666663 0.013671875 0.024088541666666664
0 0.9970703125 0.4534505208333333 0.0048828125 0.016276041666666664
0 0.97607421875 0.51171875 0.013671875 0.0234375
0 0.99267578125 0.5006510416666666 0.0126953125 0.024739583333333332
0 0.906494140625 0.8125 0.01611328125 0.028645833333333332
0 0.99560546875 0.8430989583333333 0.0078125 0.026041666666666664
0 0.992431640625 0.8942057291666666 0.01318359375 0.029296875
0 0.994384765625 0.9306640625 0.01025390625 0.025390625
