0 0.009033203125 0.7434895833333333 0.01416015625 0.024739583333333332
0 0.026123046875 0.7470703125 0.01220703125 0.025390625
0 0.04345703125 0.7513020833333333 0.013671875 0.024739583333333332
0 0.0615234375 0.7552083333333333 0.013671875 0.02734375
0 0.079833984375 0.7545572916666666 0.01416015625 0.02734375
0 0.100830078125 0.7626953125 0.01513671875 0.027994791666666664
0 0.028076171875 0.79296875 0.01318359375 0.024739583333333332
0 0.14501953125 0.724609375 0.0146484375 0.026041666666666664
0 0.294921875 0.7981770833333333 0.01953125 0.029947916666666664
0 0.18798828125 0.5283203125 0.0166015625 0.029296875
0 0.43994140625 0.2630208333333333 0.025390625 0.03515625
0 0.403564453125 0.5589192708333333 0.02490234375 0.03450520833333333
0 0.575927734375 0.028971354166666664 0.03076171875 0.039713541666666664
0 0.712646484375 0.8919270833333333 0.03369140625 0.041666666666666664
0 0.814697265625 0.8850911458333333 0.03857421875 0.04231770833333333
0 0.047607421875 0.21126302083333331 0.01416015625 0.027994791666666664
0 0.028076171875 0.20572916666666666 0.01416015625 0.02734375
0 0.010498046875 0.20865885416666666 0.01318359375 0.026692708333333332
