0 0.395751953125 0.23372395833333331 0.02490234375 0.03125
0 0.83154296875 0.3235677083333333 0.0146484375 0.024739583333333332
0 0.90673828125 0.8128255208333333 0.017578125 0.027994791666666664
0 0.95654296875 0.310546875 0.0126953125 0.0234375
0 0.97509765625 0.314453125 0.01171875 0.0234375
0 0.99267578125 0.3177083333333333 0.0107421875 0.022135416666666664
0 0.989013671875 0.4329427083333333 0.01416015625 0.022135416666666664
0 0.992919921875 0.5003255208333333 0.01123046875 0.024088541666666664
0 0.975830078125 0.509765625 0.01318359375 0.01953125
0 0.99560546875 0.8434244791666666 0.0068359375 0.027994791666666664
0 0.99169921875 0.8942057291666666 0.0126953125 0.029296875
0 0.99365234375 0.9296875 0.009765625 0.03125
