0 0.814697265625 0.884765625 0.03759765625 0.04296875
0 0.712646484375 0.8919270833333333 0.03173828125 0.04036458333333333
0 0.29443359375 0.7975260416666666 0.0205078125 0.03125
0 0.1455078125 0.7252604166666666 0.015625 0.02734375
0 0.100830078125 0.7633463541666666 0.01513671875 0.027994791666666664
0 0.07958984375 0.7545572916666666 0.013671875 0.02734375
0 0.061279296875 0.7555338541666666 0.01416015625 0.026692708333333332
0 0.04345703125 0.7516276041666666 0.0146484375 0.027994791666666664
0 0.027587890625 0.7926432291666666 0.01220703125 0.026692708333333332
0 0.02587890625 0.7473958333333333 0.0126953125 0.026041666666666664
0 0.0087890625 0.7434895833333333 0.0126953125 0.02734375
0 0.01025390625 0.20930989583333331 0.0126953125 0.026692708333333332
0 0.028564453125 0.20638020833333331 0.01416015625 0.028645833333333332
0 0.04736328125 0.21158854166666666 0.0146484375 0.026041666666666664
0 0.404052734375 0.5579427083333333 0.02392578125 0.033854166666666664
0 0.18798828125 0.5283203125 0.015625 0.027994791666666664
0 0.440185546875 0.2639973958333333 0.02392578125 0.035807291666666664
0 0.575927734375 0.02734375 0.03173828125 0.041666666666666664
