0 0.395751953125 0.23307291666666666 0.02294921875 0.03125
0 0.831787109375 0.3232421875 0.01416015625 0.026692708333333332
0 0.9560546875 0.30924479166666663 0.01171875 0.024739583333333332
0 0.974853515625 0.31315104166666663 0.01123046875 0.020833333333333332
0 0.993408203125 0.31705729166666663 0.01025390625 0.0234375
0 0.989501953125 0.43229166666666663 0.01220703125 0.024739583333333332
0 0.90625 0.8125 0.013671875 0.02734375
0 0.993408203125 0.8935546875 0.01220703125 0.025390625
0 0.994384765625 0.9313151041666666 0.01025390625 0.026692708333333332
0 0.99560546875 0.84375 0.0078125 0.026041666666666664
