0 0.39501953125 0.234375 0.0234375 0.03125
0 0.83154296875 0.32291666666666663 0.0146484375 0.026041666666666664
0 0.906005859375 0.8128255208333333 0.01513671875 0.027994791666666664
0 0.95654296875 0.31022135416666663 0.0146484375 0.025390625
0 0.97509765625 0.314453125 0.0126953125 0.024739583333333332
0 0.992919921875 0.3177083333333333 0.01318359375 0.022135416666666664
0 0.98828125 0.43326822916666663 0.0146484375 0.024088541666666664
0 0.99267578125 0.5006510416666666 0.01171875 0.024739583333333332
0 0.975341796875 0.5126953125 0.01318359375 0.025390625
0 0.99560546875 0.8440755208333333 0.0078125 0.025390625
0 0.991943359375 0.8932291666666666 0.01220703125 0.02734375
0 0.993896484375 0.9293619791666666 0.01025390625 0.024088541666666664
