0 0.009521484375 0.7434895833333333 0.01318359375 0.026041666666666664
0 0.026123046875 0.7470703125 0.01220703125 0.025390625
0 0.028076171875 0.7932942708333333 0.01318359375 0.026692708333333332
0 0.04443359375 0.7509765625 0.0126953125 0.025390625
0 0.062255859375 0.755859375 0.01318359375 0.024739583333333332
0 0.08056640625 0.7548828125 0.013671875 0.025390625
0 0.100830078125 0.7626953125 0.01416015625 0.025390625
0 0.1455078125 0.724609375 0.0166015625 0.029947916666666664
0 0.188720703125 0.5286458333333333 0.01806640625 0.02734375
0 0.295166015625 0.7975260416666666 0.02001953125 0.03125
0 0.046630859375 0.21126302083333331 0.01611328125 0.027994791666666664
0 0.028076171875 0.20703125 0.01611328125 0.022135416666666664
0 0.010498046875 0.20963541666666666 0.01416015625 0.02734375
0 0.440673828125 0.2639973958333333 0.02587890625 0.03841145833333333
0 0.403564453125 0.5576171875 0.02392578125 0.033203125
0 0.575927734375 0.028971354166666664 0.02978515625 0.04231770833333333
0 0.712890625 0.892578125 0.033203125 0.041666666666666664
0 0.814697265625 0.8844401041666666 0.03955078125 0.043619791666666664
