0 0.009765625 0.6764322916666666 0.01953125 0.04427083333333333
0 0.0185546875 0.7740885416666666 0.037109375 0.04296875
0 0.018310546875 0.9114583333333333 0.03564453125 0.041666666666666664
0 0.06689453125 0.9016927083333333 0.0361328125 0.041666666666666664
0 0.115234375 0.8938802083333333 0.0341796875 0.041666666666666664
0 0.160400390625 0.8844401041666666 0.03271484375 0.039713541666666664
0 0.203125 0.876953125 0.0322265625 0.037760416666666664
0 0.243408203125 0.8626302083333333 0.03076171875 0.0390625
0 0.284423828125 0.8603515625 0.02880859375 0.037109375
0 0.110107421875 0.9635416666666666 0.03466796875 0.041666666666666664
0 0.365966796875 0.7916666666666666 0.02490234375 0.03515625
0 0.548828125 0.8076171875 0.0205078125 0.030598958333333332
0 0.79931640625 0.7679036458333333 0.0126953125 0.024088541666666664
0 0.833740234375 0.7451171875 0.01220703125 0.024088541666666664
0 0.8974609375 0.69140625 0.01171875 0.020833333333333332
0 0.916259765625 0.7320963541666666 0.01123046875 0.021484375
0 0.445068359375 0.5641276041666666 0.02294921875 0.03450520833333333
0 0.65234375 0.5872395833333333 0.0166015625 0.02734375
0 0.687255859375 0.37760416666666663 0.01611328125 0.028645833333333332
0 0.76416015625 0.265625 0.013671875 0.02734375
0 0.0224609375 0.15364583333333331 0.0390625 0.04296875
0 0.032958984375 0.09700520833333333 0.03857421875 0.04296875
0 0.0810546875 0.09212239583333333 0.0361328125 0.04231770833333333
0 0.1279296875 0.12239583333333333 0.03515625 0.04036458333333333
0 0.168212890625 0.10774739583333333 0.03369140625 0.039713541666666664
0 0.211669921875 0.12337239583333333 0.03076171875 0.03841145833333333
0 0.2509765625 0.14778645833333331 0.029296875 0.037760416666666664
