0 0.119140625 0.6500651041666666 0.0322265625 0.037109375
0 0.20654296875 0.3567708333333333 0.0283203125 0.033854166666666664
0 0.831787109375 0.3225911458333333 0.01513671875 0.024088541666666664
0 0.906494140625 0.8125 0.01611328125 0.02734375
0 0.956787109375 0.3098958333333333 0.01416015625 0.022135416666666664
0 0.9755859375 0.314453125 0.0126953125 0.022135416666666664
0 0.99267578125 0.318359375 0.01171875 0.022135416666666664
0 0.98828125 0.43326822916666663 0.013671875 0.024088541666666664
0 0.997314453125 0.45377604166666663 0.00439453125 0.016927083333333332
0 0.9931640625 0.5009765625 0.0126953125 0.024088541666666664
0 0.97607421875 0.5123697916666666 0.013671875 0.024739583333333332
0 0.995849609375 0.84375 0.00732421875 0.026041666666666664
0 0.99267578125 0.8961588541666666 0.013671875 0.029296875
0 0.994384765625 0.9303385416666666 0.01025390625 0.0234375
