0 0.037109375 0.6471354166666666 0.03515625 0.041666666666666664
0 0.199951171875 0.361328125 0.02978515625 0.03515625
0 0.831298828125 0.3235677083333333 0.01513671875 0.024739583333333332
0 0.9560546875 0.31022135416666663 0.0126953125 0.022786458333333332
0 0.9755859375 0.3138020833333333 0.013671875 0.0234375
0 0.9931640625 0.3177083333333333 0.0107421875 0.0234375
0 0.988525390625 0.4329427083333333 0.01416015625 0.0234375
0 0.9970703125 0.4534505208333333 0.0048828125 0.016276041666666664
0 0.97607421875 0.51171875 0.013671875 0.024739583333333332
0 0.992919921875 0.5009765625 0.01318359375 0.026692708333333332
0 0.90625 0.8128255208333333 0.015625 0.029296875
0 0.99169921875 0.8948567708333333 0.0126953125 0.027994791666666664
0 0.994384765625 0.9303385416666666 0.01025390625 0.02734375
0 0.995849609375 0.8434244791666666 0.00732421875 0.026692708333333332
0 0.997802734375 0.7919921875 0.00341796875 0.018880208333333332
0 0.998291015625 0.7493489583333333 0.00244140625 0.016927083333333332
