0 0.00927734375 0.7438151041666666 0.013671875 0.026692708333333332
0 0.026123046875 0.7473958333333333 0.01318359375 0.02734375
0 0.043701171875 0.7513020833333333 0.01416015625 0.026041666666666664
0 0.0615234375 0.7552083333333333 0.013671875 0.02734375
0 0.07958984375 0.7548828125 0.0146484375 0.027994791666666664
0 0.100341796875 0.7633463541666666 0.01611328125 0.029296875
0 0.02783203125 0.79296875 0.013671875 0.026041666666666664
0 0.1455078125 0.724609375 0.015625 0.02734375
0 0.294677734375 0.796875 0.02001953125 0.033854166666666664
0 0.1884765625 0.5283203125 0.0166015625 0.029296875
0 0.404052734375 0.5576171875 0.02392578125 0.035807291666666664
0 0.712158203125 0.8912760416666666 0.03369140625 0.04296875
0 0.814697265625 0.8850911458333333 0.03857421875 0.04622395833333333
0 0.576171875 0.029296875 0.03125 0.04296875
0 0.4404296875 0.263671875 0.0224609375 0.03645833333333333
0 0.047119140625 0.21126302083333331 0.01416015625 0.026692708333333332
0 0.02783203125 0.20572916666666666 0.013671875 0.026041666666666664
0 0.01025390625 0.20768229166666666 0.013671875 0.02734375
