0 0.652099609375 0.5872395833333333 0.01611328125 0.026041666666666664
0 0.76416015625 0.2669270833333333 0.0126953125 0.024739583333333332
0 0.68701171875 0.38053385416666663 0.013671875 0.020182291666666664
0 0.445556640625 0.5634765625 0.02197265625 0.030598958333333332
0 0.548828125 0.8079427083333333 0.0185546875 0.02734375
0 0.3662109375 0.7900390625 0.0244140625 0.031901041666666664
0 0.28466796875 0.8606770833333333 0.0283203125 0.03515625
0 0.24365234375 0.8629557291666666 0.029296875 0.035807291666666664
0 0.203125 0.876953125 0.0302734375 0.03515625
0 0.160400390625 0.884765625 0.03271484375 0.03645833333333333
0 0.114990234375 0.8932291666666666 0.03369140625 0.037760416666666664
0 0.06689453125 0.9020182291666666 0.03515625 0.039713541666666664
0 0.01806640625 0.9124348958333333 0.0361328125 0.039713541666666664
0 0.018310546875 0.7747395833333333 0.03662109375 0.04036458333333333
0 0.009521484375 0.67578125 0.01904296875 0.04036458333333333
0 0.799072265625 0.7672526041666666 0.01220703125 0.021484375
0 0.834228515625 0.7457682291666666 0.01123046875 0.021484375
0 0.916259765625 0.7330729166666666 0.01025390625 0.020833333333333332
0 0.897705078125 0.6917317708333333 0.01123046875 0.021484375
0 0.111083984375 0.9638671875 0.03466796875 0.039713541666666664
0 0.2509765625 0.14973958333333331 0.029296875 0.033854166666666664
0 0.21240234375 0.1240234375 0.0302734375 0.037109375
0 0.16845703125 0.10872395833333333 0.0322265625 0.0390625
0 0.128173828125 0.123046875 0.03466796875 0.04036458333333333
0 0.08154296875 0.09375 0.0361328125 0.04036458333333333
0 0.03271484375 0.09798177083333333 0.0380859375 0.041015625
0 0.022705078125 0.15397135416666666 0.03857421875 0.04231770833333333
