0 0.1787109375 0.3753255208333333 0.0283203125 0.033203125
0 0.831787109375 0.32291666666666663 0.01513671875 0.024739583333333332
0 0.95703125 0.31022135416666663 0.0146484375 0.022786458333333332
0 0.975341796875 0.3138020833333333 0.01416015625 0.022135416666666664
0 0.992431640625 0.31803385416666663 0.01025390625 0.021484375
0 0.988525390625 0.4329427083333333 0.01416015625 0.022135416666666664
0 0.9970703125 0.453125 0.0048828125 0.018229166666666664
0 0.992919921875 0.5003255208333333 0.01318359375 0.024088541666666664
0 0.976318359375 0.5120442708333333 0.01318359375 0.024088541666666664
0 0.995849609375 0.8434244791666666 0.00732421875 0.025390625
0 0.90625 0.8125 0.015625 0.02734375
0 0.9921875 0.8942057291666666 0.013671875 0.026692708333333332
0 0.994384765625 0.9313151041666666 0.01025390625 0.026692708333333332
