0 0.168701171875 0.3818359375 0.02978515625 0.03450520833333333
0 0.831787109375 0.32291666666666663 0.01513671875 0.024739583333333332
0 0.956298828125 0.31022135416666663 0.01318359375 0.022786458333333332
0 0.975341796875 0.31412760416666663 0.01318359375 0.022786458333333332
0 0.99267578125 0.31803385416666663 0.01171875 0.022786458333333332
0 0.98828125 0.4329427083333333 0.013671875 0.0234375
0 0.9970703125 0.4544270833333333 0.0048828125 0.018229166666666664
0 0.975830078125 0.51171875 0.01416015625 0.024739583333333332
0 0.992919921875 0.5009765625 0.01318359375 0.024088541666666664
0 0.906494140625 0.8121744791666666 0.01611328125 0.029296875
0 0.99560546875 0.8430989583333333 0.0078125 0.02734375
0 0.9921875 0.8935546875 0.013671875 0.026692708333333332
0 0.993896484375 0.9303385416666666 0.01123046875 0.028645833333333332
