0 0.906005859375 0.8125 0.01513671875 0.02734375
0 0.156982421875 0.39127604166666663 0.02978515625 0.03515625
0 0.831787109375 0.32389322916666663 0.01611328125 0.026692708333333332
0 0.9755859375 0.5113932291666666 0.0126953125 0.025390625
0 0.992919921875 0.5013020833333333 0.01318359375 0.0234375
0 0.98779296875 0.43359375 0.0126953125 0.0234375
0 0.956298828125 0.31119791666666663 0.01318359375 0.024739583333333332
0 0.97509765625 0.3154296875 0.0146484375 0.024088541666666664
0 0.992431640625 0.31705729166666663 0.01123046875 0.022135416666666664
0 0.99560546875 0.84375 0.0078125 0.026041666666666664
