0 0.814453125 0.8850911458333333 0.037109375 0.044921875
0 0.712890625 0.8916015625 0.033203125 0.039713541666666664
0 0.294189453125 0.7981770833333333 0.01708984375 0.02734375
0 0.404052734375 0.5576171875 0.02490234375 0.033203125
0 0.144287109375 0.7242838541666666 0.01513671875 0.025390625
0 0.100830078125 0.7626953125 0.01513671875 0.026692708333333332
0 0.02734375 0.7926432291666666 0.01171875 0.025390625
0 0.079833984375 0.7542317708333333 0.01416015625 0.026692708333333332
0 0.061279296875 0.7548828125 0.01416015625 0.025390625
0 0.043701171875 0.7506510416666666 0.01220703125 0.0234375
0 0.02587890625 0.7477213541666666 0.013671875 0.024088541666666664
0 0.009765625 0.7434895833333333 0.01171875 0.024739583333333332
0 0.1884765625 0.52734375 0.0166015625 0.029947916666666664
0 0.46142578125 0.2591145833333333 0.0234375 0.037760416666666664
0 0.047119140625 0.21158854166666666 0.01416015625 0.026041666666666664
0 0.028564453125 0.20703125 0.01513671875 0.02734375
0 0.010009765625 0.208984375 0.01318359375 0.026041666666666664
0 0.57568359375 0.028645833333333332 0.029296875 0.041666666666666664
