0 0.814453125 0.8850911458333333 0.0380859375 0.043619791666666664
0 0.712646484375 0.8919270833333333 0.03271484375 0.04036458333333333
0 0.575927734375 0.028645833333333332 0.02978515625 0.04296875
0 0.47412109375 0.25553385416666663 0.025390625 0.037109375
0 0.4033203125 0.5582682291666666 0.0224609375 0.03450520833333333
0 0.294921875 0.7975260416666666 0.01953125 0.03125
0 0.187255859375 0.52734375 0.01611328125 0.02734375
0 0.14453125 0.724609375 0.0146484375 0.026041666666666664
0 0.100341796875 0.7630208333333333 0.01513671875 0.02734375
0 0.079345703125 0.7548828125 0.01416015625 0.027994791666666664
0 0.060791015625 0.7552083333333333 0.01318359375 0.02734375
0 0.043212890625 0.751953125 0.01318359375 0.026041666666666664
0 0.025390625 0.7473958333333333 0.0126953125 0.026041666666666664
0 0.009033203125 0.7438151041666666 0.01416015625 0.025390625
0 0.02734375 0.7923177083333333 0.013671875 0.024739583333333332
0 0.046142578125 0.21158854166666666 0.01513671875 0.02734375
0 0.028076171875 0.20703125 0.01416015625 0.024739583333333332
0 0.01025390625 0.21028645833333331 0.013671875 0.026041666666666664
