0 0.201171875 0.3997395833333333 0.029296875 0.01953125
0 0.831787109375 0.32291666666666663 0.01513671875 0.024739583333333332
0 0.956787109375 0.31022135416666663 0.01416015625 0.022786458333333332
0 0.9755859375 0.31412760416666663 0.013671875 0.022786458333333332
0 0.992919921875 0.3186848958333333 0.01220703125 0.020182291666666664
0 0.988525390625 0.43326822916666663 0.01416015625 0.022786458333333332
0 0.997314453125 0.45377604166666663 0.00439453125 0.016927083333333332
0 0.99267578125 0.5006510416666666 0.0126953125 0.0234375
0 0.9765625 0.51171875 0.013671875 0.0234375
0 0.995849609375 0.8430989583333333 0.00732421875 0.024739583333333332
0 0.90625 0.8128255208333333 0.015625 0.027994791666666664
