0 0.814697265625 0.8844401041666666 0.03759765625 0.04231770833333333
0 0.712158203125 0.8919270833333333 0.03271484375 0.04036458333333333
0 0.575927734375 0.0283203125 0.02978515625 0.04231770833333333
0 0.4384765625 0.27734375 0.0234375 0.03515625
0 0.403564453125 0.5579427083333333 0.02294921875 0.033854166666666664
0 0.294921875 0.7978515625 0.01953125 0.030598958333333332
0 0.188232421875 0.5276692708333333 0.01611328125 0.027994791666666664
0 0.14501953125 0.7242838541666666 0.0146484375 0.025390625
0 0.00927734375 0.7434895833333333 0.0126953125 0.0234375
0 0.026123046875 0.7473958333333333 0.01318359375 0.0234375
0 0.0439453125 0.7513020833333333 0.0126953125 0.026041666666666664
0 0.0615234375 0.7555338541666666 0.013671875 0.026692708333333332
0 0.079833984375 0.7548828125 0.01513671875 0.026692708333333332
0 0.1005859375 0.7626953125 0.0146484375 0.026692708333333332
0 0.02783203125 0.7926432291666666 0.0126953125 0.024088541666666664
0 0.046875 0.21126302083333331 0.0146484375 0.025390625
0 0.0283203125 0.2060546875 0.0146484375 0.026692708333333332
0 0.010498046875 0.20930989583333331 0.01318359375 0.025390625
