0 0.902587890625 0.8134765625 0.01611328125 0.027994791666666664
0 0.83154296875 0.3232421875 0.015625 0.025390625
0 0.9560546875 0.3098958333333333 0.0126953125 0.0234375
0 0.97509765625 0.314453125 0.0126953125 0.022135416666666664
0 0.991943359375 0.3177083333333333 0.01220703125 0.024739583333333332
0 0.98779296875 0.43359375 0.0126953125 0.024739583333333332
0 0.9755859375 0.5126953125 0.013671875 0.025390625
0 0.992919921875 0.5003255208333333 0.01318359375 0.024088541666666664
0 0.99560546875 0.8434244791666666 0.0078125 0.025390625
0 0.991455078125 0.8951822916666666 0.01416015625 0.02734375
0 0.994140625 0.9313151041666666 0.0107421875 0.025390625
