0 0.583984375 0.4973958333333333 0.021484375 0.03255208333333333
0 0.73388671875 0.6363932291666666 0.0185546875 0.029296875
0 0.62646484375 0.7135416666666666 0.021484375 0.028645833333333332
0 0.95703125 0.3098958333333333 0.013671875 0.0234375
0 0.975341796875 0.3134765625 0.01318359375 0.022786458333333332
0 0.992919921875 0.31803385416666663 0.01123046875 0.020182291666666664
0 0.988525390625 0.4326171875 0.01416015625 0.024088541666666664
0 0.997314453125 0.4541015625 0.00439453125 0.017578125
0 0.97314453125 0.5084635416666666 0.013671875 0.024739583333333332
0 0.99267578125 0.5013020833333333 0.0126953125 0.026041666666666664
0 0.992431640625 0.8948567708333333 0.01220703125 0.029296875
0 0.99462890625 0.9303385416666666 0.009765625 0.02734375
