0 0.510009765625 0.7161458333333333 0.02294921875 0.03255208333333333
0 0.57958984375 0.4934895833333333 0.0205078125 0.028645833333333332
0 0.72265625 0.6285807291666666 0.01953125 0.029296875
0 0.956787109375 0.3095703125 0.01318359375 0.022786458333333332
0 0.9755859375 0.3138020833333333 0.013671875 0.0234375
0 0.992919921875 0.31901041666666663 0.01220703125 0.020833333333333332
0 0.98828125 0.43326822916666663 0.013671875 0.024088541666666664
0 0.997314453125 0.4534505208333333 0.00439453125 0.017578125
0 0.952880859375 0.49576822916666663 0.01513671875 0.025390625
0 0.992919921875 0.5006510416666666 0.01318359375 0.024739583333333332
0 0.992919921875 0.8938802083333333 0.01318359375 0.026041666666666664
0 0.994384765625 0.9303385416666666 0.01025390625 0.02734375
