0 0.45703125 0.7158203125 0.025390625 0.03450520833333333
0 0.578369140625 0.4912109375 0.02001953125 0.029296875
0 0.71875 0.6263020833333333 0.017578125 0.028645833333333332
0 0.94384765625 0.4915364583333333 0.0126953125 0.024739583333333332
0 0.99169921875 0.5006510416666666 0.0107421875 0.0234375
0 0.98828125 0.4329427083333333 0.0126953125 0.0234375
0 0.95654296875 0.3095703125 0.0126953125 0.022786458333333332
0 0.9755859375 0.31412760416666663 0.0126953125 0.025390625
0 0.9921875 0.318359375 0.0126953125 0.0234375
0 0.99169921875 0.8951822916666666 0.0126953125 0.02734375
0 0.994140625 0.931640625 0.0107421875 0.024739583333333332
