0 0.017333984375 0.912109375 0.03466796875 0.0390625
0 0.018798828125 0.7757161458333333 0.03759765625 0.043619791666666664
0 0.010009765625 0.6731770833333333 0.02001953125 0.04296875
0 0.067138671875 0.9013671875 0.03662109375 0.041015625
0 0.1142578125 0.8922526041666666 0.0341796875 0.041015625
0 0.110595703125 0.9622395833333333 0.03662109375 0.04296875
0 0.159423828125 0.884765625 0.03369140625 0.037760416666666664
0 0.203125 0.8776041666666666 0.03125 0.03515625
0 0.24365234375 0.86328125 0.03125 0.03645833333333333
0 0.284423828125 0.8606770833333333 0.02880859375 0.0390625
0 0.36572265625 0.7919921875 0.025390625 0.033203125
0 0.021728515625 0.15364583333333331 0.03759765625 0.04036458333333333
0 0.032470703125 0.09830729166666666 0.03759765625 0.041666666666666664
0 0.08154296875 0.09309895833333333 0.03515625 0.04036458333333333
0 0.12744140625 0.1220703125 0.0341796875 0.041015625
0 0.167724609375 0.107421875 0.03173828125 0.0390625
0 0.211181640625 0.12467447916666666 0.03173828125 0.035807291666666664
0 0.25048828125 0.1474609375 0.0302734375 0.037109375
0 0.445068359375 0.5641276041666666 0.02197265625 0.030598958333333332
0 0.549072265625 0.8079427083333333 0.01904296875 0.029947916666666664
0 0.65185546875 0.5872395833333333 0.015625 0.026041666666666664
0 0.764404296875 0.265625 0.01318359375 0.026041666666666664
0 0.799072265625 0.767578125 0.01220703125 0.0234375
0 0.833984375 0.7454427083333333 0.01171875 0.0234375
0 0.8984375 0.6920572916666666 0.01171875 0.018229166666666664
