0 0.81103515625 0.287109375 0.015625 0.024739583333333332
0 0.79443359375 0.3583984375 0.0166015625 0.025390625
0 0.811767578125 0.40787760416666663 0.01708984375 0.027994791666666664
0 0.8095703125 0.4427083333333333 0.015625 0.026041666666666664
0 0.864501953125 0.4560546875 0.01513671875 0.026692708333333332
0 0.869384765625 0.5026041666666666 0.01513671875 0.026041666666666664
0 0.927490234375 0.330078125 0.01318359375 0.0234375
0 0.9921875 0.8942057291666666 0.01171875 0.027994791666666664
0 0.993896484375 0.9280598958333333 0.01123046875 0.025390625
0 0.4140625 0.3544921875 0.017578125 0.021484375
