0 0.652099609375 0.5872395833333333 0.01611328125 0.026041666666666664
0 0.75830078125 0.38671875 0.013671875 0.0234375
0 0.763671875 0.2649739583333333 0.0126953125 0.024739583333333332
0 0.834228515625 0.74609375 0.01123046875 0.020833333333333332
0 0.799072265625 0.7679036458333333 0.01123046875 0.022786458333333332
0 0.549072265625 0.80859375 0.01904296875 0.028645833333333332
0 0.365966796875 0.7906901041666666 0.02294921875 0.031901041666666664
0 0.28466796875 0.8610026041666666 0.0283203125 0.03450520833333333
0 0.24365234375 0.8626302083333333 0.029296875 0.03645833333333333
0 0.203369140625 0.8766276041666666 0.03173828125 0.035807291666666664
0 0.160400390625 0.884765625 0.03369140625 0.0390625
0 0.115234375 0.8938802083333333 0.0341796875 0.0390625
0 0.0673828125 0.9016927083333333 0.037109375 0.0390625
0 0.017822265625 0.9124348958333333 0.03564453125 0.041015625
0 0.111083984375 0.9641927083333333 0.03466796875 0.0390625
0 0.445556640625 0.5638020833333333 0.02197265625 0.029947916666666664
0 0.018310546875 0.7740885416666666 0.03662109375 0.04036458333333333
0 0.009521484375 0.6764322916666666 0.01904296875 0.04036458333333333
0 0.25146484375 0.1494140625 0.029296875 0.035807291666666664
0 0.212158203125 0.12369791666666666 0.03076171875 0.037760416666666664
0 0.168212890625 0.10872395833333333 0.03271484375 0.037760416666666664
0 0.1279296875 0.12272135416666666 0.0341796875 0.039713541666666664
0 0.08154296875 0.09733072916666666 0.0361328125 0.033203125
0 0.03271484375 0.09993489583333333 0.0380859375 0.03841145833333333
0 0.022705078125 0.154296875 0.03955078125 0.04296875
