0 0.814453125 0.8844401041666666 0.0380859375 0.043619791666666664
0 0.7119140625 0.8912760416666666 0.033203125 0.04036458333333333
0 0.57568359375 0.028971354166666664 0.0302734375 0.043619791666666664
0 0.577880859375 0.2333984375 0.02978515625 0.041015625
0 0.295166015625 0.7978515625 0.02001953125 0.031901041666666664
0 0.14501953125 0.7249348958333333 0.015625 0.027994791666666664
0 0.10107421875 0.7626953125 0.0146484375 0.026692708333333332
0 0.080078125 0.7552083333333333 0.013671875 0.026041666666666664
0 0.061767578125 0.7552083333333333 0.01318359375 0.026041666666666664
0 0.0439453125 0.7509765625 0.0126953125 0.025390625
0 0.026123046875 0.7477213541666666 0.01318359375 0.025390625
0 0.009033203125 0.7434895833333333 0.01220703125 0.024739583333333332
0 0.0283203125 0.79296875 0.0126953125 0.026041666666666664
0 0.404052734375 0.5634765625 0.02294921875 0.022786458333333332
0 0.1884765625 0.5276692708333333 0.0166015625 0.030598958333333332
0 0.047607421875 0.21158854166666666 0.01416015625 0.02734375
0 0.028564453125 0.20572916666666666 0.01318359375 0.02734375
0 0.010498046875 0.208984375 0.01416015625 0.02734375
