0 0.57568359375 0.028971354166666664 0.0322265625 0.044921875
0 0.18798828125 0.52734375 0.015625 0.029947916666666664
0 0.42822265625 0.5472005208333333 0.0234375 0.035807291666666664
0 0.1455078125 0.7239583333333333 0.015625 0.02734375
0 0.295166015625 0.7978515625 0.02001953125 0.033203125
0 0.009521484375 0.7447916666666666 0.01416015625 0.028645833333333332
0 0.026123046875 0.7477213541666666 0.01318359375 0.026692708333333332
0 0.04345703125 0.7513020833333333 0.013671875 0.02734375
0 0.0615234375 0.7555338541666666 0.013671875 0.027994791666666664
0 0.07958984375 0.7548828125 0.015625 0.029296875
0 0.10009765625 0.7630208333333333 0.015625 0.028645833333333332
0 0.027587890625 0.7926432291666666 0.01318359375 0.026692708333333332
0 0.047119140625 0.212890625 0.01513671875 0.02734375
0 0.028076171875 0.20670572916666666 0.01416015625 0.025390625
0 0.01123046875 0.2099609375 0.0126953125 0.024088541666666664
0 0.7119140625 0.8922526041666666 0.033203125 0.041015625
0 0.814697265625 0.8857421875 0.03759765625 0.044921875
