0 0.833984375 0.74609375 0.0107421875 0.022135416666666664
0 0.798828125 0.7679036458333333 0.0107421875 0.021484375
0 0.66845703125 0.578125 0.0146484375 0.026041666666666664
0 0.9462890625 0.3860677083333333 0.0087890625 0.01953125
0 0.763916015625 0.265625 0.01318359375 0.024739583333333332
0 0.54833984375 0.8082682291666666 0.01953125 0.029296875
0 0.4453125 0.5628255208333333 0.021484375 0.030598958333333332
0 0.365478515625 0.7903645833333333 0.02392578125 0.03255208333333333
0 0.28466796875 0.8603515625 0.02734375 0.035807291666666664
0 0.243408203125 0.8626302083333333 0.02978515625 0.03645833333333333
0 0.202880859375 0.8766276041666666 0.03173828125 0.037109375
0 0.16015625 0.884765625 0.033203125 0.037760416666666664
0 0.115234375 0.8932291666666666 0.0341796875 0.0390625
0 0.11083984375 0.9638671875 0.0341796875 0.039713541666666664
0 0.067138671875 0.9010416666666666 0.03662109375 0.0390625
0 0.017822265625 0.9117838541666666 0.03564453125 0.041015625
0 0.01806640625 0.7737630208333333 0.0361328125 0.041015625
0 0.00927734375 0.6761067708333333 0.0185546875 0.04622395833333333
0 0.02294921875 0.15462239583333331 0.0390625 0.043619791666666664
0 0.033447265625 0.0986328125 0.03955078125 0.04231770833333333
0 0.0810546875 0.09342447916666666 0.0361328125 0.04231770833333333
0 0.127685546875 0.12272135416666666 0.03466796875 0.039713541666666664
0 0.167724609375 0.10807291666666666 0.03271484375 0.0390625
0 0.2119140625 0.12337239583333333 0.029296875 0.037109375
0 0.251220703125 0.14908854166666666 0.03076171875 0.037760416666666664
