0 0.842041015625 0.4427083333333333 0.01123046875 0.022135416666666664
0 0.44287109375 0.5400390625 0.0224609375 0.033203125
0 0.380615234375 0.5485026041666666 0.02392578125 0.031901041666666664
0 0.3427734375 0.5478515625 0.02734375 0.03450520833333333
0 0.2177734375 0.3470052083333333 0.03125 0.03645833333333333
0 0.29443359375 0.2255859375 0.0283203125 0.03450520833333333
0 0.290771484375 0.17708333333333331 0.02685546875 0.03125
0 0.935546875 0.9293619791666666 0.009765625 0.021484375
0 0.0771484375 0.7184244791666666 0.037109375 0.039713541666666664
0 0.010986328125 0.7799479166666666 0.02197265625 0.04296875
0 0.058837890625 0.6686197916666666 0.03759765625 0.04036458333333333
0 0.01513671875 0.6529947916666666 0.0302734375 0.041666666666666664
0 0.019775390625 0.29654947916666663 0.03759765625 0.039713541666666664
