0 0.023193359375 0.15494791666666666 0.04150390625 0.041666666666666664
0 0.033935546875 0.0986328125 0.03662109375 0.04231770833333333
0 0.08203125 0.09342447916666666 0.0361328125 0.039713541666666664
0 0.12841796875 0.123046875 0.03515625 0.04036458333333333
0 0.169189453125 0.10904947916666666 0.03076171875 0.03841145833333333
0 0.2109375 0.12337239583333333 0.029296875 0.03450520833333333
0 0.251708984375 0.14973958333333331 0.02685546875 0.03255208333333333
0 0.009033203125 0.6761067708333333 0.01806640625 0.037109375
0 0.017822265625 0.7747395833333333 0.03564453125 0.041666666666666664
0 0.017578125 0.912109375 0.03515625 0.041666666666666664
0 0.0673828125 0.90234375 0.03515625 0.04036458333333333
0 0.11474609375 0.89453125 0.033203125 0.0390625
0 0.11083984375 0.9638671875 0.0341796875 0.039713541666666664
0 0.160888671875 0.8854166666666666 0.03173828125 0.0390625
0 0.202880859375 0.8772786458333333 0.03173828125 0.037109375
0 0.243896484375 0.8623046875 0.02978515625 0.03450520833333333
0 0.283935546875 0.8603515625 0.02783203125 0.03450520833333333
0 0.3662109375 0.7916666666666666 0.0244140625 0.029947916666666664
0 0.7646484375 0.2659505208333333 0.013671875 0.027994791666666664
0 0.97412109375 0.38541666666666663 0.0087890625 0.024739583333333332
0 0.83447265625 0.7451171875 0.01171875 0.020182291666666664
0 0.799072265625 0.7672526041666666 0.01123046875 0.025390625
0 0.549072265625 0.8089192708333333 0.01806640625 0.029296875
0 0.44580078125 0.5628255208333333 0.0224609375 0.031901041666666664
