0 0.445068359375 0.5634765625 0.02197265625 0.031901041666666664
0 0.678466796875 0.5572916666666666 0.01513671875 0.01953125
0 0.2841796875 0.8606770833333333 0.02734375 0.033854166666666664
0 0.243896484375 0.86328125 0.02978515625 0.03515625
0 0.203125 0.8766276041666666 0.029296875 0.035807291666666664
0 0.16015625 0.884765625 0.0341796875 0.037760416666666664
0 0.11474609375 0.8935546875 0.0341796875 0.03841145833333333
0 0.017822265625 0.9124348958333333 0.03564453125 0.039713541666666664
0 0.067138671875 0.90234375 0.03662109375 0.041666666666666664
0 0.1103515625 0.9638671875 0.0341796875 0.03841145833333333
0 0.763671875 0.2666015625 0.0126953125 0.024088541666666664
0 0.833740234375 0.7464192708333333 0.01123046875 0.021484375
0 0.798583984375 0.7662760416666666 0.01220703125 0.020833333333333332
0 0.02294921875 0.154296875 0.0390625 0.04296875
0 0.032470703125 0.09798177083333333 0.03857421875 0.04231770833333333
0 0.0810546875 0.09309895833333333 0.0361328125 0.041666666666666664
0 0.127685546875 0.123046875 0.03466796875 0.041666666666666664
0 0.167724609375 0.10807291666666666 0.03271484375 0.0390625
0 0.210693359375 0.12369791666666666 0.03173828125 0.037760416666666664
0 0.251220703125 0.14778645833333331 0.02880859375 0.03515625
0 0.250244140625 0.146484375 0.02880859375 0.03515625
0 0.01806640625 0.7744140625 0.0361328125 0.041015625
0 0.00927734375 0.67578125 0.0185546875 0.041666666666666664
0 0.36572265625 0.7906901041666666 0.0244140625 0.031901041666666664
0 0.548583984375 0.8082682291666666 0.01904296875 0.029296875
