0 0.009033203125 0.7438151041666666 0.01318359375 0.027994791666666664
0 0.026123046875 0.7473958333333333 0.01416015625 0.026041666666666664
0 0.043701171875 0.751953125 0.01416015625 0.02734375
0 0.06103515625 0.7561848958333333 0.013671875 0.029296875
0 0.079833984375 0.7552083333333333 0.01611328125 0.029947916666666664
0 0.10107421875 0.7630208333333333 0.0146484375 0.029947916666666664
0 0.028076171875 0.7919921875 0.01416015625 0.026692708333333332
0 0.144287109375 0.7249348958333333 0.01513671875 0.029296875
0 0.29443359375 0.7975260416666666 0.01953125 0.03125
0 0.712158203125 0.8922526041666666 0.03271484375 0.041015625
0 0.814697265625 0.8837890625 0.03759765625 0.043619791666666664
0 0.57568359375 0.029296875 0.03125 0.04427083333333333
0 0.442138671875 0.513671875 0.02392578125 0.03645833333333333
0 0.188232421875 0.5279947916666666 0.01611328125 0.029947916666666664
0 0.047119140625 0.21158854166666666 0.01416015625 0.02734375
0 0.028564453125 0.20572916666666666 0.01416015625 0.026041666666666664
0 0.010986328125 0.2080078125 0.01318359375 0.026692708333333332
