0 0.028076171875 0.7926432291666666 0.01318359375 0.025390625
0 0.100830078125 0.7630208333333333 0.01513671875 0.02734375
0 0.080322265625 0.7548828125 0.01513671875 0.027994791666666664
0 0.061767578125 0.7552083333333333 0.01416015625 0.02734375
0 0.04345703125 0.7516276041666666 0.013671875 0.027994791666666664
0 0.02587890625 0.7470703125 0.013671875 0.026692708333333332
0 0.00927734375 0.7431640625 0.0126953125 0.026692708333333332
0 0.145263671875 0.7249348958333333 0.01513671875 0.030598958333333332
0 0.294921875 0.7975260416666666 0.01953125 0.03125
0 0.7119140625 0.8919270833333333 0.0341796875 0.041666666666666664
0 0.814453125 0.8850911458333333 0.0380859375 0.044921875
0 0.444091796875 0.49772135416666663 0.02490234375 0.035807291666666664
0 0.187744140625 0.5286458333333333 0.01708984375 0.029947916666666664
0 0.575927734375 0.028645833333333332 0.02880859375 0.04296875
0 0.04736328125 0.21126302083333331 0.0146484375 0.027994791666666664
0 0.02783203125 0.205078125 0.013671875 0.02734375
0 0.0107421875 0.20865885416666666 0.013671875 0.026692708333333332
