0 0.009765625 0.7454427083333333 0.013671875 0.0234375
0 0.02734375 0.7503255208333333 0.0107421875 0.025390625
0 0.043701171875 0.7522786458333333 0.01416015625 0.024088541666666664
0 0.062255859375 0.7555338541666666 0.01318359375 0.022786458333333332
0 0.080078125 0.7555338541666666 0.0126953125 0.020182291666666664
0 0.1015625 0.7652994791666666 0.015625 0.026692708333333332
0 0.0283203125 0.7939453125 0.0146484375 0.025390625
0 0.351318359375 0.6904296875 0.02099609375 0.033203125
0 0.454345703125 0.2932942708333333 0.02197265625 0.03841145833333333
0 0.712890625 0.8935546875 0.033203125 0.041015625
0 0.874267578125 0.32291666666666663 0.03857421875 0.05598958333333333
0 0.046875 0.2109375 0.0146484375 0.02734375
0 0.028076171875 0.20572916666666666 0.01513671875 0.026041666666666664
0 0.010498046875 0.208984375 0.01318359375 0.026041666666666664
