0 0.01806640625 0.9124348958333333 0.0361328125 0.041015625
0 0.0185546875 0.7747395833333333 0.0361328125 0.04036458333333333
0 0.009033203125 0.67578125 0.01806640625 0.0390625
0 0.022216796875 0.15462239583333331 0.04052734375 0.043619791666666664
0 0.0322265625 0.09895833333333333 0.0390625 0.04427083333333333
0 0.080322265625 0.09342447916666666 0.03857421875 0.044921875
0 0.12744140625 0.123046875 0.03515625 0.041666666666666664
0 0.168212890625 0.10807291666666666 0.03076171875 0.041666666666666664
0 0.211181640625 0.12467447916666666 0.02783203125 0.03841145833333333
0 0.2509765625 0.150390625 0.0283203125 0.037760416666666664
0 0.0673828125 0.9026692708333333 0.0361328125 0.041015625
0 0.11083984375 0.9635416666666666 0.03515625 0.04036458333333333
0 0.115478515625 0.8942057291666666 0.03466796875 0.041015625
0 0.159423828125 0.8857421875 0.03369140625 0.03841145833333333
0 0.203369140625 0.8779296875 0.03076171875 0.03841145833333333
0 0.243408203125 0.8629557291666666 0.02978515625 0.035807291666666664
0 0.284912109375 0.861328125 0.02880859375 0.03515625
0 0.3662109375 0.7913411458333333 0.0244140625 0.033203125
0 0.549072265625 0.8079427083333333 0.01904296875 0.028645833333333332
0 0.445556640625 0.5638020833333333 0.02392578125 0.03255208333333333
0 0.764404296875 0.2669270833333333 0.01318359375 0.026041666666666664
0 0.79931640625 0.7685546875 0.01171875 0.024088541666666664
0 0.83447265625 0.7464192708333333 0.0107421875 0.021484375
