0 0.009521484375 0.7444661458333333 0.01318359375 0.026692708333333332
0 0.026611328125 0.748046875 0.01318359375 0.024739583333333332
0 0.0439453125 0.7516276041666666 0.0126953125 0.024088541666666664
0 0.028564453125 0.7932942708333333 0.01318359375 0.026692708333333332
0 0.062255859375 0.755859375 0.01416015625 0.024739583333333332
0 0.080322265625 0.7548828125 0.01318359375 0.026692708333333332
0 0.100830078125 0.7626953125 0.01513671875 0.025390625
0 0.14599609375 0.7252604166666666 0.0166015625 0.02734375
0 0.294921875 0.7978515625 0.0185546875 0.030598958333333332
0 0.010986328125 0.208984375 0.01318359375 0.026041666666666664
0 0.029052734375 0.20735677083333331 0.01416015625 0.026692708333333332
0 0.047119140625 0.2119140625 0.01611328125 0.027994791666666664
0 0.1884765625 0.5279947916666666 0.0166015625 0.02734375
0 0.57666015625 0.0283203125 0.0302734375 0.041015625
0 0.71240234375 0.892578125 0.0341796875 0.0390625
0 0.814697265625 0.8850911458333333 0.03857421875 0.043619791666666664
0 0.44189453125 0.4609375 0.0234375 0.03515625
