0 0.834228515625 0.74609375 0.01123046875 0.0234375
0 0.798828125 0.7679036458333333 0.01171875 0.022786458333333332
0 0.763916015625 0.26627604166666663 0.01318359375 0.026041666666666664
0 0.4453125 0.5631510416666666 0.021484375 0.03125
0 0.250732421875 0.14876302083333331 0.02978515625 0.037109375
0 0.2119140625 0.12532552083333331 0.0302734375 0.037109375
0 0.16796875 0.1083984375 0.0341796875 0.041015625
0 0.12744140625 0.12239583333333333 0.03515625 0.041666666666666664
0 0.081298828125 0.09342447916666666 0.03662109375 0.043619791666666664
0 0.03271484375 0.09700520833333333 0.0390625 0.04296875
0 0.00927734375 0.67578125 0.0185546875 0.041666666666666664
0 0.0185546875 0.7747395833333333 0.037109375 0.041666666666666664
0 0.017822265625 0.912109375 0.03564453125 0.04296875
0 0.067138671875 0.90234375 0.03662109375 0.041666666666666664
0 0.115234375 0.8929036458333333 0.03515625 0.039713541666666664
0 0.16015625 0.884765625 0.033203125 0.0390625
0 0.202880859375 0.8772786458333333 0.03173828125 0.03841145833333333
0 0.243896484375 0.86328125 0.02978515625 0.037760416666666664
0 0.284912109375 0.8610026041666666 0.02685546875 0.035807291666666664
0 0.11083984375 0.9641927083333333 0.03515625 0.0390625
0 0.365966796875 0.791015625 0.02490234375 0.033854166666666664
0 0.549072265625 0.80859375 0.01904296875 0.029947916666666664
0 0.022216796875 0.15364583333333331 0.03955078125 0.041666666666666664
