0 0.81494140625 0.884765625 0.0380859375 0.04296875
0 0.71240234375 0.8919270833333333 0.0341796875 0.04036458333333333
0 0.575927734375 0.0283203125 0.02978515625 0.043619791666666664
0 0.4365234375 0.43229166666666663 0.0234375 0.03645833333333333
0 0.294921875 0.796875 0.01953125 0.03125
0 0.187744140625 0.5283203125 0.01611328125 0.029296875
0 0.144775390625 0.7239583333333333 0.01513671875 0.028645833333333332
0 0.1005859375 0.7620442708333333 0.0146484375 0.026692708333333332
0 0.0615234375 0.7548828125 0.013671875 0.026692708333333332
0 0.079833984375 0.75390625 0.01416015625 0.02734375
0 0.04345703125 0.7506510416666666 0.013671875 0.026041666666666664
0 0.02587890625 0.7467447916666666 0.013671875 0.024739583333333332
0 0.0087890625 0.7431640625 0.0126953125 0.025390625
0 0.02734375 0.7919921875 0.0126953125 0.024088541666666664
0 0.027587890625 0.20670572916666666 0.01513671875 0.026692708333333332
0 0.04638671875 0.21061197916666666 0.015625 0.026692708333333332
0 0.00927734375 0.20833333333333331 0.0126953125 0.02734375
