0 0.291748046875 0.17610677083333331 0.02490234375 0.03450520833333333
0 0.2939453125 0.2255859375 0.0263671875 0.03450520833333333
0 0.2177734375 0.3460286458333333 0.0302734375 0.03841145833333333
0 0.31640625 0.5504557291666666 0.025390625 0.035807291666666664
0 0.37158203125 0.5475260416666666 0.02734375 0.03515625
0 0.438232421875 0.5384114583333333 0.02197265625 0.03255208333333333
0 0.820556640625 0.42936197916666663 0.01220703125 0.024088541666666664
0 0.935546875 0.9280598958333333 0.01171875 0.022786458333333332
0 0.0576171875 0.6702473958333333 0.037109375 0.039713541666666664
0 0.076171875 0.7180989583333333 0.03515625 0.04036458333333333
0 0.015380859375 0.6529947916666666 0.02978515625 0.04036458333333333
0 0.019287109375 0.29752604166666663 0.03662109375 0.04427083333333333
0 0.011474609375 0.7796223958333333 0.02294921875 0.043619791666666664
