0 0.021240234375 0.1513671875 0.03857421875 0.039713541666666664
0 0.03515625 0.09765625 0.03515625 0.04296875
0 0.081298828125 0.0908203125 0.03271484375 0.041015625
0 0.1279296875 0.1220703125 0.033203125 0.039713541666666664
0 0.1689453125 0.107421875 0.0263671875 0.03515625
0 0.2119140625 0.123046875 0.02734375 0.033854166666666664
0 0.251708984375 0.15006510416666666 0.02783203125 0.035807291666666664
0 0.009521484375 0.6744791666666666 0.01611328125 0.0390625
0 0.01806640625 0.7740885416666666 0.033203125 0.0390625
0 0.017578125 0.9117838541666666 0.0341796875 0.04231770833333333
0 0.067138671875 0.9026692708333333 0.03466796875 0.041015625
0 0.115234375 0.8932291666666666 0.03515625 0.0390625
0 0.11181640625 0.962890625 0.0341796875 0.037760416666666664
0 0.159912109375 0.8854166666666666 0.03271484375 0.0390625
0 0.203369140625 0.876953125 0.03076171875 0.03645833333333333
0 0.242919921875 0.8626302083333333 0.02685546875 0.03515625
0 0.284912109375 0.8610026041666666 0.02587890625 0.03450520833333333
0 0.3662109375 0.7919921875 0.0244140625 0.029296875
0 0.549072265625 0.8082682291666666 0.01806640625 0.029296875
0 0.7998046875 0.7666015625 0.01171875 0.022786458333333332
0 0.833984375 0.7457682291666666 0.0126953125 0.021484375
0 0.7646484375 0.26822916666666663 0.013671875 0.026041666666666664
