0 0.76416015625 0.26529947916666663 0.0126953125 0.024088541666666664
0 0.833984375 0.74609375 0.0107421875 0.022135416666666664
0 0.79931640625 0.7679036458333333 0.01171875 0.022786458333333332
0 0.677734375 0.49479166666666663 0.013671875 0.024739583333333332
0 0.549072265625 0.8079427083333333 0.01904296875 0.028645833333333332
0 0.36572265625 0.7906901041666666 0.0234375 0.030598958333333332
0 0.009033203125 0.67578125 0.01806640625 0.04036458333333333
0 0.018310546875 0.7747395833333333 0.03662109375 0.04036458333333333
0 0.01806640625 0.912109375 0.0361328125 0.041666666666666664
0 0.0673828125 0.90234375 0.0361328125 0.0390625
0 0.115234375 0.8929036458333333 0.0341796875 0.03841145833333333
0 0.16015625 0.8844401041666666 0.0322265625 0.037109375
0 0.11083984375 0.9638671875 0.0341796875 0.03841145833333333
0 0.203125 0.8763020833333333 0.03125 0.03645833333333333
0 0.243408203125 0.8626302083333333 0.02880859375 0.03515625
0 0.284423828125 0.8606770833333333 0.02783203125 0.033854166666666664
0 0.251708984375 0.14811197916666666 0.02978515625 0.03841145833333333
0 0.212158203125 0.123046875 0.03076171875 0.037760416666666664
0 0.168212890625 0.10774739583333333 0.03271484375 0.039713541666666664
0 0.0224609375 0.15364583333333331 0.0380859375 0.041666666666666664
0 0.033203125 0.09798177083333333 0.0380859375 0.04231770833333333
0 0.080810546875 0.09309895833333333 0.03466796875 0.04036458333333333
0 0.128173828125 0.12272135416666666 0.03369140625 0.039713541666666664
