0 0.833740234375 0.7457682291666666 0.01123046875 0.021484375
0 0.79833984375 0.7669270833333333 0.01171875 0.020833333333333332
0 0.763916015625 0.265625 0.01318359375 0.024739583333333332
0 0.675048828125 0.4944661458333333 0.01416015625 0.025390625
0 0.548828125 0.8079427083333333 0.0185546875 0.028645833333333332
0 0.36572265625 0.7903645833333333 0.0234375 0.03255208333333333
0 0.28466796875 0.8603515625 0.02734375 0.03450520833333333
0 0.24365234375 0.8619791666666666 0.029296875 0.03515625
0 0.202880859375 0.8766276041666666 0.03173828125 0.037109375
0 0.16015625 0.884765625 0.0322265625 0.037760416666666664
0 0.11083984375 0.9638671875 0.0341796875 0.03841145833333333
0 0.115478515625 0.8932291666666666 0.03466796875 0.0390625
0 0.067138671875 0.90234375 0.03564453125 0.04036458333333333
0 0.017578125 0.9124348958333333 0.03515625 0.041015625
0 0.01806640625 0.7744140625 0.0361328125 0.041015625
0 0.0087890625 0.67578125 0.017578125 0.0390625
0 0.25146484375 0.14876302083333331 0.029296875 0.037109375
0 0.212158203125 0.12337239583333333 0.03076171875 0.037109375
0 0.16845703125 0.10872395833333333 0.03125 0.037760416666666664
0 0.1279296875 0.12272135416666666 0.0341796875 0.03841145833333333
0 0.081298828125 0.09407552083333333 0.03466796875 0.041015625
0 0.033447265625 0.09830729166666666 0.03759765625 0.041666666666666664
0 0.022216796875 0.15364583333333331 0.03662109375 0.041666666666666664
