0 0.019775390625 0.2958984375 0.03759765625 0.039713541666666664
0 0.2919921875 0.17610677083333331 0.0263671875 0.033203125
0 0.29443359375 0.22623697916666666 0.02734375 0.03450520833333333
0 0.349609375 0.5481770833333333 0.0263671875 0.033854166666666664
0 0.41845703125 0.5458984375 0.0244140625 0.031901041666666664
0 0.01513671875 0.65234375 0.029296875 0.041666666666666664
0 0.01123046875 0.7796223958333333 0.0224609375 0.044921875
0 0.058837890625 0.669921875 0.03564453125 0.041666666666666664
0 0.076904296875 0.7174479166666666 0.03857421875 0.04036458333333333
0 0.935302734375 0.9280598958333333 0.00830078125 0.022786458333333332
0 0.72412109375 0.5690104166666666 0.013671875 0.02734375
0 0.217529296875 0.34765625 0.03271484375 0.037760416666666664
