0 0.01806640625 0.912109375 0.03515625 0.03645833333333333
0 0.066162109375 0.9020182291666666 0.03466796875 0.033203125
0 0.114013671875 0.89453125 0.03173828125 0.033854166666666664
0 0.15966796875 0.8863932291666666 0.0302734375 0.035807291666666664
0 0.203369140625 0.8753255208333333 0.03173828125 0.035807291666666664
0 0.243896484375 0.8645833333333333 0.03076171875 0.04036458333333333
0 0.28466796875 0.8603515625 0.0302734375 0.03841145833333333
0 0.111083984375 0.9632161458333333 0.03662109375 0.039713541666666664
0 0.607177734375 0.69921875 0.01611328125 0.029947916666666664
0 0.694580078125 0.4007161458333333 0.01611328125 0.024088541666666664
0 0.902587890625 0.4261067708333333 0.01318359375 0.026692708333333332
0 0.89892578125 0.69140625 0.015625 0.024739583333333332
0 0.91796875 0.7317708333333333 0.01171875 0.020833333333333332
0 0.800537109375 0.7666015625 0.01220703125 0.022786458333333332
0 0.023681640625 0.15787760416666666 0.03857421875 0.037109375
0 0.0341796875 0.0986328125 0.0361328125 0.04231770833333333
0 0.0810546875 0.09375 0.037109375 0.04296875
0 0.12841796875 0.1220703125 0.03515625 0.039713541666666664
0 0.168212890625 0.10872395833333333 0.03271484375 0.0390625
0 0.212158203125 0.12272135416666666 0.02978515625 0.039713541666666664
0 0.2509765625 0.1494140625 0.0283203125 0.033203125
