0 0.818603515625 0.5380859375 0.01123046875 0.024088541666666664
0 0.83447265625 0.7457682291666666 0.0107421875 0.022786458333333332
0 0.798828125 0.7669270833333333 0.01171875 0.0234375
0 0.763671875 0.2659505208333333 0.0126953125 0.026692708333333332
0 0.548828125 0.8076171875 0.0185546875 0.027994791666666664
0 0.36572265625 0.7906901041666666 0.025390625 0.031901041666666664
0 0.283935546875 0.8603515625 0.02880859375 0.035807291666666664
0 0.242919921875 0.8626302083333333 0.03173828125 0.03645833333333333
0 0.202392578125 0.8763020833333333 0.03173828125 0.03515625
0 0.1591796875 0.884765625 0.033203125 0.0390625
0 0.017822265625 0.7750651041666666 0.03564453125 0.041015625
0 0.11474609375 0.8932291666666666 0.0341796875 0.037760416666666664
0 0.1103515625 0.9632161458333333 0.03515625 0.03841145833333333
0 0.067138671875 0.9016927083333333 0.03759765625 0.04036458333333333
0 0.017333984375 0.9117838541666666 0.03466796875 0.041015625
0 0.0087890625 0.6748046875 0.017578125 0.039713541666666664
0 0.0224609375 0.154296875 0.0400390625 0.04296875
0 0.127685546875 0.1220703125 0.03369140625 0.03841145833333333
0 0.08056640625 0.09375 0.037109375 0.041666666666666664
0 0.033203125 0.09830729166666666 0.0361328125 0.04296875
0 0.167724609375 0.10774739583333333 0.03271484375 0.039713541666666664
0 0.21142578125 0.123046875 0.03125 0.037760416666666664
0 0.250732421875 0.1484375 0.02880859375 0.0390625
0 0.68505859375 0.3251953125 0.0146484375 0.014973958333333332
