0 0.047607421875 0.2119140625 0.01611328125 0.025390625
0 0.028076171875 0.20703125 0.01416015625 0.026041666666666664
0 0.01025390625 0.208984375 0.013671875 0.02734375
0 0.00927734375 0.7428385416666666 0.0126953125 0.0234375
0 0.026123046875 0.748046875 0.01318359375 0.0234375
0 0.043701171875 0.7516276041666666 0.01318359375 0.024088541666666664
0 0.0283203125 0.7926432291666666 0.0126953125 0.024088541666666664
0 0.061279296875 0.7555338541666666 0.01416015625 0.024088541666666664
0 0.080078125 0.7548828125 0.013671875 0.027994791666666664
0 0.101318359375 0.7623697916666666 0.01416015625 0.02734375
0 0.14501953125 0.724609375 0.015625 0.02734375
0 0.294921875 0.7975260416666666 0.01953125 0.029947916666666664
0 0.43408203125 0.1826171875 0.0224609375 0.035807291666666664
0 0.576416015625 0.0283203125 0.02978515625 0.041015625
0 0.712646484375 0.8919270833333333 0.03271484375 0.04036458333333333
0 0.815185546875 0.8841145833333333 0.03759765625 0.04296875
0 0.89990234375 0.4602864583333333 0.0400390625 0.04427083333333333
