0 0.0224609375 0.15201822916666666 0.0390625 0.041015625
0 0.0341796875 0.09928385416666666 0.0380859375 0.04231770833333333
0 0.081298828125 0.09309895833333333 0.03564453125 0.04036458333333333
0 0.129150390625 0.12337239583333333 0.03271484375 0.041015625
0 0.168212890625 0.10709635416666666 0.03173828125 0.039713541666666664
0 0.21240234375 0.12434895833333333 0.0283203125 0.033854166666666664
0 0.251220703125 0.14973958333333331 0.02783203125 0.033854166666666664
0 0.00927734375 0.6754557291666666 0.015625 0.039713541666666664
0 0.0185546875 0.7734375 0.03515625 0.041666666666666664
0 0.01806640625 0.9108072916666666 0.03515625 0.04036458333333333
0 0.06640625 0.90234375 0.03515625 0.04036458333333333
0 0.114990234375 0.892578125 0.03271484375 0.037760416666666664
0 0.111328125 0.962890625 0.0341796875 0.0390625
0 0.160400390625 0.8857421875 0.03271484375 0.039713541666666664
0 0.203369140625 0.8766276041666666 0.03076171875 0.035807291666666664
0 0.244140625 0.86328125 0.0283203125 0.037760416666666664
0 0.28369140625 0.8606770833333333 0.02734375 0.03515625
0 0.365966796875 0.7906901041666666 0.02392578125 0.03450520833333333
0 0.548095703125 0.80859375 0.01904296875 0.028645833333333332
0 0.79931640625 0.7672526041666666 0.01171875 0.022786458333333332
0 0.8349609375 0.7447916666666666 0.0107421875 0.020833333333333332
0 0.864501953125 0.5322265625 0.01025390625 0.022786458333333332
0 0.763671875 0.26529947916666663 0.0146484375 0.029296875
0 0.68701171875 0.3216145833333333 0.0126953125 0.01953125
