0 0.0087890625 0.2080078125 0.0107421875 0.022786458333333332
0 0.026611328125 0.20670572916666666 0.01318359375 0.022786458333333332
0 0.04638671875 0.21158854166666666 0.0146484375 0.0234375
0 0.00830078125 0.7444661458333333 0.0126953125 0.024088541666666664
0 0.02587890625 0.7470703125 0.01171875 0.024088541666666664
0 0.04345703125 0.7516276041666666 0.0126953125 0.024088541666666664
0 0.0615234375 0.7552083333333333 0.0126953125 0.026041666666666664
0 0.07958984375 0.7545572916666666 0.0126953125 0.026041666666666664
0 0.101318359375 0.7633463541666666 0.01318359375 0.026692708333333332
0 0.027587890625 0.79296875 0.01318359375 0.026041666666666664
0 0.14404296875 0.7249348958333333 0.0146484375 0.026692708333333332
0 0.294921875 0.796875 0.017578125 0.03125
0 0.713623046875 0.8929036458333333 0.03173828125 0.03841145833333333
0 0.81494140625 0.8844401041666666 0.037109375 0.043619791666666664
0 0.576171875 0.026692708333333332 0.029296875 0.041666666666666664
0 0.431884765625 0.18229166666666666 0.02685546875 0.03515625
