0 0.0087890625 0.6761067708333333 0.017578125 0.03841145833333333
0 0.0185546875 0.7744140625 0.0361328125 0.041015625
0 0.018310546875 0.912109375 0.03466796875 0.04036458333333333
0 0.06689453125 0.90234375 0.037109375 0.041666666666666664
0 0.114990234375 0.8942057291666666 0.03466796875 0.039713541666666664
0 0.160400390625 0.8850911458333333 0.03271484375 0.03841145833333333
0 0.202880859375 0.8772786458333333 0.03173828125 0.037109375
0 0.24365234375 0.8629557291666666 0.0302734375 0.037109375
0 0.28466796875 0.8610026041666666 0.02734375 0.037109375
0 0.1103515625 0.9635416666666666 0.03515625 0.0390625
0 0.3662109375 0.791015625 0.0244140625 0.033854166666666664
0 0.549072265625 0.8082682291666666 0.01904296875 0.029296875
0 0.79931640625 0.767578125 0.01171875 0.022135416666666664
0 0.834228515625 0.74609375 0.01123046875 0.0234375
0 0.90478515625 0.5299479166666666 0.0107421875 0.022135416666666664
0 0.764404296875 0.2669270833333333 0.01318359375 0.026041666666666664
0 0.022705078125 0.15657552083333331 0.03564453125 0.043619791666666664
0 0.033447265625 0.09993489583333333 0.03759765625 0.044921875
0 0.08203125 0.09375 0.0341796875 0.041666666666666664
0 0.1279296875 0.12272135416666666 0.03515625 0.041015625
0 0.16748046875 0.10970052083333333 0.03125 0.041015625
0 0.2119140625 0.12532552083333331 0.029296875 0.03841145833333333
0 0.251708984375 0.150390625 0.02880859375 0.037760416666666664
0 0.68603515625 0.322265625 0.0146484375 0.0234375
