0 0.814208984375 0.884765625 0.03759765625 0.04296875
0 0.712158203125 0.8916015625 0.03271484375 0.041015625
0 0.57568359375 0.0283203125 0.0302734375 0.04231770833333333
0 0.294921875 0.796875 0.01953125 0.029947916666666664
0 0.14501953125 0.7242838541666666 0.015625 0.026692708333333332
0 0.02734375 0.7923177083333333 0.013671875 0.026041666666666664
0 0.100830078125 0.7626953125 0.01416015625 0.027994791666666664
0 0.079833984375 0.7542317708333333 0.01416015625 0.026692708333333332
0 0.06103515625 0.7542317708333333 0.013671875 0.026692708333333332
0 0.043212890625 0.7506510416666666 0.01318359375 0.024739583333333332
0 0.02587890625 0.7470703125 0.0126953125 0.025390625
0 0.0087890625 0.7428385416666666 0.0126953125 0.024739583333333332
0 0.047119140625 0.2099609375 0.01416015625 0.026692708333333332
0 0.0283203125 0.20572916666666666 0.013671875 0.026041666666666664
0 0.0107421875 0.208984375 0.0126953125 0.02734375
0 0.43359375 0.18294270833333331 0.0234375 0.03645833333333333
