0 0.011962890625 0.673828125 0.02392578125 0.04296875
0 0.017333984375 0.7740885416666666 0.03466796875 0.0390625
0 0.019775390625 0.9137369791666666 0.03564453125 0.03841145833333333
0 0.066650390625 0.9036458333333333 0.03173828125 0.04296875
0 0.115966796875 0.8942057291666666 0.03271484375 0.039713541666666664
0 0.162353515625 0.8870442708333333 0.02587890625 0.03841145833333333
0 0.205322265625 0.8766276041666666 0.02587890625 0.03841145833333333
0 0.244384765625 0.8636067708333333 0.02490234375 0.037109375
0 0.284423828125 0.8590494791666666 0.02490234375 0.030598958333333332
0 0.111572265625 0.9638671875 0.03564453125 0.043619791666666664
0 0.364990234375 0.7906901041666666 0.02490234375 0.031901041666666664
0 0.549560546875 0.8079427083333333 0.01513671875 0.028645833333333332
0 0.799072265625 0.7679036458333333 0.01611328125 0.024088541666666664
0 0.83447265625 0.7467447916666666 0.0126953125 0.020833333333333332
0 0.68701171875 0.3274739583333333 0.0146484375 0.016927083333333332
0 0.76513671875 0.2666015625 0.01171875 0.027994791666666664
0 0.975830078125 0.5263671875 0.01513671875 0.021484375
0 0.02099609375 0.15625 0.0419921875 0.046875
0 0.034912109375 0.0966796875 0.03173828125 0.041015625
0 0.083740234375 0.09309895833333333 0.03173828125 0.04036458333333333
0 0.1298828125 0.12369791666666666 0.033203125 0.04036458333333333
0 0.16845703125 0.10774739583333333 0.0400390625 0.05013020833333333
0 0.215087890625 0.12565104166666666 0.02783203125 0.041666666666666664
0 0.25244140625 0.14811197916666666 0.033203125 0.041015625
