0 0.02734375 0.79296875 0.01171875 0.024739583333333332
0 0.00927734375 0.7434895833333333 0.0126953125 0.026041666666666664
0 0.025634765625 0.7470703125 0.01220703125 0.025390625
0 0.04345703125 0.7516276041666666 0.0126953125 0.025390625
0 0.061279296875 0.7552083333333333 0.01318359375 0.026041666666666664
0 0.07958984375 0.7545572916666666 0.013671875 0.026041666666666664
0 0.100830078125 0.7630208333333333 0.01416015625 0.02734375
0 0.144775390625 0.7249348958333333 0.01611328125 0.027994791666666664
0 0.433349609375 0.18196614583333331 0.02392578125 0.03841145833333333
0 0.29541015625 0.7975260416666666 0.01953125 0.03255208333333333
0 0.712890625 0.8922526041666666 0.033203125 0.039713541666666664
0 0.814453125 0.8854166666666666 0.037109375 0.04427083333333333
0 0.01025390625 0.20930989583333331 0.013671875 0.026692708333333332
0 0.02783203125 0.20638020833333331 0.0146484375 0.02734375
0 0.046875 0.2119140625 0.0146484375 0.026692708333333332
0 0.57568359375 0.028971354166666664 0.0302734375 0.04231770833333333
0 0.57470703125 0.027669270833333332 0.0302734375 0.04231770833333333
