0 0.834228515625 0.74609375 0.01220703125 0.022135416666666664
0 0.799072265625 0.7672526041666666 0.01220703125 0.024088541666666664
0 0.549072265625 0.8089192708333333 0.02001953125 0.029296875
0 0.3662109375 0.791015625 0.0234375 0.03255208333333333
0 0.284423828125 0.8606770833333333 0.02880859375 0.03645833333333333
0 0.24365234375 0.8629557291666666 0.029296875 0.037109375
0 0.202392578125 0.876953125 0.03173828125 0.037760416666666664
0 0.160400390625 0.8837890625 0.03271484375 0.03841145833333333
0 0.114990234375 0.8932291666666666 0.03466796875 0.0390625
0 0.06689453125 0.9020182291666666 0.0361328125 0.039713541666666664
0 0.017822265625 0.9130859375 0.03564453125 0.043619791666666664
0 0.018310546875 0.7737630208333333 0.03662109375 0.041015625
0 0.111083984375 0.9641927083333333 0.03466796875 0.04036458333333333
0 0.009521484375 0.6774088541666666 0.01904296875 0.041015625
0 0.763916015625 0.2669270833333333 0.01318359375 0.024739583333333332
0 0.69287109375 0.3076171875 0.013671875 0.026692708333333332
0 0.032958984375 0.0986328125 0.03857421875 0.041015625
0 0.0810546875 0.09375 0.0361328125 0.04036458333333333
0 0.127685546875 0.12337239583333333 0.03369140625 0.039713541666666664
0 0.167724609375 0.10872395833333333 0.03173828125 0.0390625
0 0.022216796875 0.15364583333333331 0.03857421875 0.041666666666666664
0 0.211181640625 0.12369791666666666 0.02978515625 0.037760416666666664
0 0.251708984375 0.1494140625 0.02880859375 0.037109375
0 0.97216796875 0.3929036458333333 0.0107421875 0.017578125
