0 0.015380859375 0.6526692708333333 0.03076171875 0.041015625
0 0.058837890625 0.6692708333333333 0.03662109375 0.04036458333333333
0 0.076904296875 0.7174479166666666 0.03662109375 0.041666666666666664
0 0.01123046875 0.7796223958333333 0.0224609375 0.043619791666666664
0 0.019775390625 0.29654947916666663 0.03759765625 0.041015625
0 0.2177734375 0.34635416666666663 0.0302734375 0.03645833333333333
0 0.291015625 0.17643229166666666 0.02734375 0.03515625
0 0.293701171875 0.22623697916666666 0.02783203125 0.03450520833333333
0 0.291015625 0.5520833333333333 0.0283203125 0.03645833333333333
0 0.364013671875 0.5465494791666666 0.02490234375 0.031901041666666664
0 0.436279296875 0.5364583333333333 0.02197265625 0.029947916666666664
0 0.798583984375 0.4134114583333333 0.01220703125 0.0234375
0 0.935546875 0.9283854166666666 0.009765625 0.022135416666666664
