0 0.833984375 0.74609375 0.0107421875 0.022135416666666664
0 0.79833984375 0.7679036458333333 0.0107421875 0.022786458333333332
0 0.548828125 0.8082682291666666 0.0185546875 0.029296875
0 0.763671875 0.265625 0.0126953125 0.024739583333333332
0 0.9287109375 0.3681640625 0.009765625 0.018880208333333332
0 0.36572265625 0.7903645833333333 0.0234375 0.03255208333333333
0 0.284423828125 0.8606770833333333 0.02783203125 0.03515625
0 0.243408203125 0.8626302083333333 0.02880859375 0.03645833333333333
0 0.202880859375 0.8763020833333333 0.02978515625 0.03645833333333333
0 0.16015625 0.884765625 0.0322265625 0.037760416666666664
0 0.115234375 0.8922526041666666 0.0341796875 0.03841145833333333
0 0.11083984375 0.962890625 0.03515625 0.04036458333333333
0 0.067138671875 0.9016927083333333 0.03759765625 0.041666666666666664
0 0.017822265625 0.9117838541666666 0.03564453125 0.041015625
0 0.018310546875 0.7737630208333333 0.03662109375 0.041015625
0 0.00927734375 0.67578125 0.0185546875 0.04296875
0 0.02294921875 0.15462239583333331 0.0380859375 0.04231770833333333
0 0.032958984375 0.0986328125 0.03759765625 0.043619791666666664
0 0.08154296875 0.091796875 0.03515625 0.04036458333333333
0 0.128173828125 0.12239583333333333 0.03466796875 0.041666666666666664
0 0.16845703125 0.107421875 0.03125 0.04036458333333333
0 0.211669921875 0.12337239583333333 0.02978515625 0.037109375
0 0.251220703125 0.14680989583333331 0.02880859375 0.037109375
