0 0.815185546875 0.8854166666666666 0.03955078125 0.04296875
0 0.712646484375 0.8919270833333333 0.03466796875 0.04427083333333333
0 0.576171875 0.0283203125 0.03125 0.041015625
0 0.4560546875 0.10546875 0.02734375 0.037760416666666664
0 0.295654296875 0.7975260416666666 0.01904296875 0.03255208333333333
0 0.144775390625 0.7242838541666666 0.01611328125 0.030598958333333332
0 0.10009765625 0.7630208333333333 0.015625 0.02734375
0 0.0791015625 0.75390625 0.013671875 0.024739583333333332
0 0.06005859375 0.7545572916666666 0.013671875 0.026041666666666664
0 0.02734375 0.7926432291666666 0.0146484375 0.024088541666666664
0 0.042724609375 0.751953125 0.01220703125 0.02734375
0 0.025146484375 0.7473958333333333 0.01220703125 0.02734375
0 0.00830078125 0.7428385416666666 0.0107421875 0.024739583333333332
0 0.0458984375 0.21223958333333331 0.0126953125 0.028645833333333332
0 0.02685546875 0.20572916666666666 0.015625 0.024739583333333332
0 0.01123046875 0.21158854166666666 0.013671875 0.02734375
