0 0.01806640625 0.9127604166666666 0.0361328125 0.04036458333333333
0 0.0673828125 0.9020182291666666 0.037109375 0.039713541666666664
0 0.115234375 0.8929036458333333 0.0341796875 0.039713541666666664
0 0.018310546875 0.7747395833333333 0.03662109375 0.04036458333333333
0 0.159912109375 0.8844401041666666 0.03271484375 0.037109375
0 0.203369140625 0.8766276041666666 0.03076171875 0.037109375
0 0.111083984375 0.9638671875 0.03466796875 0.037109375
0 0.24365234375 0.8626302083333333 0.029296875 0.03515625
0 0.284423828125 0.8606770833333333 0.02783203125 0.03515625
0 0.365478515625 0.791015625 0.02392578125 0.03255208333333333
0 0.009033203125 0.67578125 0.01806640625 0.04036458333333333
0 0.548828125 0.80859375 0.0185546875 0.028645833333333332
0 0.833984375 0.74609375 0.0107421875 0.022135416666666664
0 0.799072265625 0.767578125 0.01123046875 0.022135416666666664
0 0.884033203125 0.34440104166666663 0.00927734375 0.020833333333333332
0 0.763671875 0.26627604166666663 0.0126953125 0.024739583333333332
0 0.251220703125 0.1484375 0.02783203125 0.03645833333333333
0 0.211669921875 0.12337239583333333 0.02978515625 0.037109375
0 0.16796875 0.107421875 0.0322265625 0.04036458333333333
0 0.128173828125 0.123046875 0.03369140625 0.04036458333333333
0 0.081298828125 0.0927734375 0.03564453125 0.041015625
0 0.033447265625 0.09798177083333333 0.03759765625 0.04231770833333333
0 0.022216796875 0.154296875 0.03857421875 0.041666666666666664
