0 0.009033203125 0.7434895833333333 0.01318359375 0.026041666666666664
0 0.02587890625 0.7473958333333333 0.0126953125 0.024739583333333332
0 0.043212890625 0.7513020833333333 0.01318359375 0.026041666666666664
0 0.061279296875 0.7552083333333333 0.01416015625 0.02734375
0 0.079833984375 0.7545572916666666 0.01416015625 0.02734375
0 0.1005859375 0.7626953125 0.0146484375 0.027994791666666664
0 0.02783203125 0.7926432291666666 0.0126953125 0.025390625
0 0.3515625 0.6923828125 0.0224609375 0.033203125
0 0.712158203125 0.8916015625 0.03369140625 0.041015625
0 0.45361328125 0.29264322916666663 0.025390625 0.037109375
0 0.047119140625 0.2109375 0.01416015625 0.02734375
0 0.028076171875 0.2060546875 0.01416015625 0.026692708333333332
0 0.01025390625 0.20865885416666666 0.013671875 0.026692708333333332
