0 0.010009765625 0.20833333333333331 0.01220703125 0.028645833333333332
0 0.02783203125 0.20540364583333331 0.0146484375 0.026692708333333332
0 0.046875 0.2109375 0.013671875 0.029947916666666664
0 0.009521484375 0.7434895833333333 0.01123046875 0.026041666666666664
0 0.026123046875 0.7483723958333333 0.01025390625 0.024088541666666664
0 0.04345703125 0.7506510416666666 0.013671875 0.024739583333333332
0 0.060791015625 0.7545572916666666 0.01025390625 0.026041666666666664
0 0.079833984375 0.7545572916666666 0.01416015625 0.026041666666666664
0 0.1015625 0.7630208333333333 0.013671875 0.02734375
0 0.028076171875 0.7932942708333333 0.01220703125 0.024088541666666664
0 0.14501953125 0.724609375 0.013671875 0.02734375
0 0.294677734375 0.7978515625 0.02001953125 0.030598958333333332
0 0.712158203125 0.8919270833333333 0.03369140625 0.041666666666666664
0 0.814697265625 0.8844401041666666 0.03662109375 0.04231770833333333
0 0.453857421875 0.0703125 0.02685546875 0.033854166666666664
0 0.576416015625 0.029296875 0.03076171875 0.04296875
0 0.78173828125 0.030598958333333332 0.0341796875 0.046875
