0 0.022705078125 0.1533203125 0.03857421875 0.04231770833333333
0 0.033203125 0.09830729166666666 0.0380859375 0.041666666666666664
0 0.08154296875 0.09375 0.03515625 0.041666666666666664
0 0.12841796875 0.12369791666666666 0.0341796875 0.04036458333333333
0 0.16845703125 0.10872395833333333 0.03125 0.0390625
0 0.2119140625 0.12532552083333331 0.029296875 0.035807291666666664
0 0.25048828125 0.14876302083333331 0.029296875 0.03450520833333333
0 0.00927734375 0.67578125 0.0185546875 0.03515625
0 0.01806640625 0.7744140625 0.0361328125 0.041015625
0 0.017822265625 0.912109375 0.03564453125 0.041666666666666664
0 0.067138671875 0.9016927083333333 0.03759765625 0.04036458333333333
0 0.115234375 0.8929036458333333 0.0341796875 0.039713541666666664
0 0.110595703125 0.9632161458333333 0.03564453125 0.039713541666666664
0 0.16064453125 0.8844401041666666 0.0322265625 0.039713541666666664
0 0.203125 0.8772786458333333 0.0302734375 0.037109375
0 0.2431640625 0.86328125 0.029296875 0.03645833333333333
0 0.28466796875 0.861328125 0.0283203125 0.03645833333333333
0 0.365966796875 0.7913411458333333 0.02392578125 0.033203125
0 0.548583984375 0.8076171875 0.01904296875 0.029296875
0 0.701904296875 0.25358072916666663 0.01318359375 0.021484375
0 0.76416015625 0.2666015625 0.013671875 0.025390625
0 0.83740234375 0.3193359375 0.0107421875 0.021484375
0 0.799072265625 0.7682291666666666 0.01123046875 0.022135416666666664
0 0.833740234375 0.74609375 0.01123046875 0.020833333333333332
