0 0.010986328125 0.21061197916666666 0.01123046875 0.024088541666666664
0 0.027587890625 0.20768229166666666 0.01220703125 0.026041666666666664
0 0.047119140625 0.21256510416666666 0.01416015625 0.025390625
0 0.00927734375 0.744140625 0.0126953125 0.026041666666666664
0 0.025634765625 0.7477213541666666 0.01220703125 0.025390625
0 0.04345703125 0.7516276041666666 0.013671875 0.026692708333333332
0 0.0615234375 0.7555338541666666 0.013671875 0.026692708333333332
0 0.080078125 0.7545572916666666 0.0146484375 0.02734375
0 0.100830078125 0.7633463541666666 0.01513671875 0.027994791666666664
0 0.1455078125 0.7249348958333333 0.0146484375 0.026692708333333332
0 0.0283203125 0.7926432291666666 0.0126953125 0.025390625
0 0.294921875 0.7972005208333333 0.01953125 0.030598958333333332
0 0.712646484375 0.8919270833333333 0.03271484375 0.04036458333333333
0 0.814697265625 0.8850911458333333 0.03759765625 0.043619791666666664
0 0.64111328125 0.04329427083333333 0.0341796875 0.04231770833333333
0 0.57568359375 0.028971354166666664 0.0302734375 0.044921875
0 0.45361328125 0.0712890625 0.025390625 0.039713541666666664
