0 0.548828125 0.8082682291666666 0.01953125 0.027994791666666664
0 0.799072265625 0.767578125 0.01220703125 0.022135416666666664
0 0.833984375 0.7464192708333333 0.01171875 0.021484375
0 0.767333984375 0.2919921875 0.01318359375 0.024088541666666664
0 0.743408203125 0.2581380208333333 0.01416015625 0.026692708333333332
0 0.701171875 0.24967447916666666 0.015625 0.026692708333333332
0 0.2509765625 0.14876302083333331 0.029296875 0.035807291666666664
0 0.212158203125 0.12369791666666666 0.03076171875 0.03645833333333333
0 0.168212890625 0.1083984375 0.03271484375 0.039713541666666664
0 0.128173828125 0.12369791666666666 0.03369140625 0.04036458333333333
0 0.080810546875 0.09407552083333333 0.03564453125 0.039713541666666664
0 0.03173828125 0.09928385416666666 0.0400390625 0.043619791666666664
0 0.022216796875 0.15397135416666666 0.03955078125 0.043619791666666664
0 0.3662109375 0.791015625 0.0234375 0.033854166666666664
0 0.28466796875 0.8610026041666666 0.02734375 0.035807291666666664
0 0.243408203125 0.8629557291666666 0.02880859375 0.037109375
0 0.202880859375 0.8772786458333333 0.03076171875 0.037109375
0 0.160400390625 0.8844401041666666 0.03271484375 0.037109375
0 0.115234375 0.8929036458333333 0.0341796875 0.03841145833333333
0 0.06689453125 0.9020182291666666 0.037109375 0.03841145833333333
0 0.01806640625 0.912109375 0.0361328125 0.04036458333333333
0 0.018310546875 0.7740885416666666 0.03662109375 0.0390625
0 0.111328125 0.9635416666666666 0.03515625 0.037760416666666664
0 0.009033203125 0.6764322916666666 0.01806640625 0.041666666666666664
