0 0.009765625 0.20930989583333331 0.0146484375 0.024088541666666664
0 0.02880859375 0.20735677083333331 0.0126953125 0.024088541666666664
0 0.04638671875 0.21256510416666666 0.0126953125 0.022786458333333332
0 0.009765625 0.7438151041666666 0.0107421875 0.025390625
0 0.026611328125 0.7477213541666666 0.01220703125 0.024088541666666664
0 0.0439453125 0.7513020833333333 0.0126953125 0.024739583333333332
0 0.0615234375 0.7552083333333333 0.0126953125 0.026041666666666664
0 0.08056640625 0.7548828125 0.013671875 0.025390625
0 0.1005859375 0.7623697916666666 0.0146484375 0.026041666666666664
0 0.0283203125 0.79296875 0.01171875 0.0234375
0 0.14501953125 0.7242838541666666 0.0146484375 0.026692708333333332
0 0.295166015625 0.796875 0.01806640625 0.029947916666666664
0 0.713623046875 0.8922526041666666 0.03271484375 0.03841145833333333
0 0.814453125 0.8837890625 0.037109375 0.04231770833333333
0 0.587890625 0.06770833333333333 0.0302734375 0.04296875
0 0.5322265625 0.03841145833333333 0.0283203125 0.04296875
0 0.4541015625 0.06901041666666666 0.025390625 0.037760416666666664
