0 0.009033203125 0.6761067708333333 0.01806640625 0.041015625
0 0.018310546875 0.7744140625 0.03662109375 0.041015625
0 0.01806640625 0.9127604166666666 0.0361328125 0.041666666666666664
0 0.067626953125 0.9020182291666666 0.03759765625 0.039713541666666664
0 0.114990234375 0.8938802083333333 0.03466796875 0.0390625
0 0.15966796875 0.8841145833333333 0.033203125 0.037760416666666664
0 0.202880859375 0.8766276041666666 0.03076171875 0.037109375
0 0.24365234375 0.8623046875 0.029296875 0.035807291666666664
0 0.2841796875 0.8606770833333333 0.02734375 0.03515625
0 0.11083984375 0.9638671875 0.0341796875 0.03841145833333333
0 0.365966796875 0.7906901041666666 0.02490234375 0.033203125
0 0.549072265625 0.80859375 0.01904296875 0.028645833333333332
0 0.251220703125 0.14876302083333331 0.02880859375 0.035807291666666664
0 0.212158203125 0.1240234375 0.03076171875 0.03841145833333333
0 0.16796875 0.1083984375 0.0322265625 0.039713541666666664
0 0.1279296875 0.12337239583333333 0.03515625 0.041015625
0 0.02294921875 0.154296875 0.0390625 0.04296875
0 0.032958984375 0.09765625 0.03857421875 0.04296875
0 0.081787109375 0.09342447916666666 0.03662109375 0.041015625
0 0.698974609375 0.24837239583333331 0.01611328125 0.026692708333333332
0 0.71630859375 0.2688802083333333 0.0146484375 0.026041666666666664
0 0.751220703125 0.3011067708333333 0.01318359375 0.025390625
0 0.798828125 0.767578125 0.01171875 0.0234375
0 0.833740234375 0.74609375 0.01123046875 0.022135416666666664
