0 0.814208984375 0.8844401041666666 0.03759765625 0.043619791666666664
0 0.71240234375 0.8912760416666666 0.033203125 0.04036458333333333
0 0.551025390625 0.1005859375 0.02783203125 0.039713541666666664
0 0.4814453125 0.08268229166666666 0.0263671875 0.0390625
0 0.44921875 0.0693359375 0.025390625 0.039713541666666664
0 0.295166015625 0.7975260416666666 0.02001953125 0.03125
0 0.14501953125 0.724609375 0.0146484375 0.02734375
0 0.100341796875 0.7623697916666666 0.01513671875 0.02734375
0 0.07958984375 0.7542317708333333 0.013671875 0.026692708333333332
0 0.061279296875 0.7545572916666666 0.01318359375 0.02734375
0 0.04345703125 0.7513020833333333 0.0126953125 0.026041666666666664
0 0.025634765625 0.7473958333333333 0.01220703125 0.024739583333333332
0 0.009033203125 0.744140625 0.01318359375 0.026041666666666664
0 0.02783203125 0.7919921875 0.0126953125 0.024088541666666664
0 0.046142578125 0.21126302083333331 0.01416015625 0.025390625
0 0.027587890625 0.2060546875 0.01416015625 0.026692708333333332
0 0.009765625 0.2080078125 0.01171875 0.025390625
