0 0.814697265625 0.8850911458333333 0.03759765625 0.04231770833333333
0 0.71240234375 0.8916015625 0.0322265625 0.039713541666666664
0 0.54345703125 0.107421875 0.02734375 0.04036458333333333
0 0.476318359375 0.09765625 0.02490234375 0.037760416666666664
0 0.44873046875 0.06901041666666666 0.0234375 0.037760416666666664
0 0.294677734375 0.7972005208333333 0.01904296875 0.030598958333333332
0 0.14501953125 0.7249348958333333 0.013671875 0.027994791666666664
0 0.100341796875 0.7630208333333333 0.01513671875 0.02734375
0 0.080322265625 0.7545572916666666 0.01416015625 0.026041666666666664
0 0.06103515625 0.755859375 0.013671875 0.026041666666666664
0 0.04345703125 0.7522786458333333 0.0126953125 0.026692708333333332
0 0.02587890625 0.7470703125 0.0126953125 0.026692708333333332
0 0.0087890625 0.7431640625 0.013671875 0.026692708333333332
0 0.02783203125 0.79296875 0.013671875 0.024739583333333332
0 0.009765625 0.20930989583333331 0.01171875 0.026692708333333332
0 0.02783203125 0.205078125 0.013671875 0.02734375
0 0.046875 0.21061197916666666 0.013671875 0.025390625
