0 0.833740234375 0.7447916666666666 0.01123046875 0.022135416666666664
0 0.799072265625 0.7666015625 0.01025390625 0.021484375
0 0.745361328125 0.30338541666666663 0.01318359375 0.0234375
0 0.710205078125 0.2822265625 0.01318359375 0.025390625
0 0.69921875 0.248046875 0.013671875 0.026041666666666664
0 0.549072265625 0.8082682291666666 0.01904296875 0.027994791666666664
0 0.365478515625 0.791015625 0.02294921875 0.03125
0 0.284423828125 0.8606770833333333 0.02685546875 0.03515625
0 0.242919921875 0.8626302083333333 0.02880859375 0.03645833333333333
0 0.2021484375 0.8766276041666666 0.03125 0.037109375
0 0.16015625 0.8850911458333333 0.0322265625 0.03841145833333333
0 0.115478515625 0.8938802083333333 0.03271484375 0.04036458333333333
0 0.128173828125 0.12272135416666666 0.03466796875 0.039713541666666664
0 0.1689453125 0.107421875 0.033203125 0.04036458333333333
0 0.212158203125 0.12337239583333333 0.03076171875 0.037109375
0 0.250732421875 0.14811197916666666 0.02978515625 0.037109375
0 0.11083984375 0.9635416666666666 0.0341796875 0.0390625
0 0.067138671875 0.90234375 0.03759765625 0.041666666666666664
0 0.017822265625 0.9117838541666666 0.03564453125 0.041015625
0 0.01806640625 0.7747395833333333 0.0361328125 0.04036458333333333
0 0.00927734375 0.67578125 0.0185546875 0.04036458333333333
0 0.03271484375 0.09765625 0.037109375 0.041666666666666664
0 0.081787109375 0.09375 0.03662109375 0.04036458333333333
0 0.022705078125 0.154296875 0.03857421875 0.041666666666666664
