0 0.813720703125 0.8834635416666666 0.03564453125 0.04427083333333333
0 0.712646484375 0.8909505208333333 0.03271484375 0.04231770833333333
0 0.541015625 0.1083984375 0.029296875 0.041015625
0 0.471923828125 0.10807291666666666 0.02587890625 0.0390625
0 0.4482421875 0.06901041666666666 0.0263671875 0.0390625
0 0.294189453125 0.7972005208333333 0.01904296875 0.029296875
0 0.145263671875 0.724609375 0.01513671875 0.024739583333333332
0 0.100341796875 0.7626953125 0.01416015625 0.026692708333333332
0 0.080078125 0.7548828125 0.0146484375 0.025390625
0 0.06103515625 0.7545572916666666 0.013671875 0.026041666666666664
0 0.04345703125 0.7509765625 0.0126953125 0.025390625
0 0.02490234375 0.7473958333333333 0.0126953125 0.026041666666666664
0 0.0087890625 0.7434895833333333 0.0126953125 0.026041666666666664
0 0.028076171875 0.7926432291666666 0.01220703125 0.024088541666666664
0 0.04638671875 0.2109375 0.0126953125 0.02734375
0 0.027099609375 0.20670572916666666 0.01513671875 0.026692708333333332
0 0.009521484375 0.20833333333333331 0.01416015625 0.024739583333333332
