0 0.833984375 0.7454427083333333 0.0107421875 0.022135416666666664
0 0.798583984375 0.767578125 0.01025390625 0.022135416666666664
0 0.7451171875 0.3040364583333333 0.0126953125 0.024739583333333332
0 0.708984375 0.2854817708333333 0.013671875 0.026692708333333332
0 0.698974609375 0.24837239583333331 0.01416015625 0.025390625
0 0.548828125 0.8076171875 0.0185546875 0.027994791666666664
0 0.3662109375 0.7900390625 0.0234375 0.031901041666666664
0 0.28466796875 0.8603515625 0.02734375 0.035807291666666664
0 0.243408203125 0.8626302083333333 0.02978515625 0.03645833333333333
0 0.203125 0.8763020833333333 0.03125 0.03645833333333333
0 0.15966796875 0.8844401041666666 0.0322265625 0.037109375
0 0.11474609375 0.8932291666666666 0.0341796875 0.04036458333333333
0 0.11083984375 0.9635416666666666 0.03515625 0.0390625
0 0.066650390625 0.9016927083333333 0.03564453125 0.04036458333333333
0 0.017578125 0.912109375 0.03515625 0.041666666666666664
0 0.0185546875 0.7744140625 0.037109375 0.041015625
0 0.00927734375 0.6764322916666666 0.0185546875 0.0390625
0 0.25146484375 0.14876302083333331 0.0283203125 0.037109375
0 0.2119140625 0.12369791666666666 0.0302734375 0.03645833333333333
0 0.16796875 0.1083984375 0.0322265625 0.039713541666666664
0 0.128173828125 0.123046875 0.03466796875 0.041666666666666664
0 0.080810546875 0.09342447916666666 0.03466796875 0.04231770833333333
0 0.032958984375 0.09765625 0.03857421875 0.04296875
0 0.023193359375 0.154296875 0.03857421875 0.04296875
