0 0.814453125 0.884765625 0.0380859375 0.04427083333333333
0 0.712646484375 0.8916015625 0.03271484375 0.041015625
0 0.29443359375 0.7978515625 0.0185546875 0.031901041666666664
0 0.144287109375 0.724609375 0.01611328125 0.026041666666666664
0 0.100830078125 0.7623697916666666 0.01416015625 0.026041666666666664
0 0.079345703125 0.7542317708333333 0.01416015625 0.026692708333333332
0 0.06103515625 0.7548828125 0.0126953125 0.026692708333333332
0 0.043212890625 0.7509765625 0.01318359375 0.025390625
0 0.025634765625 0.7470703125 0.01220703125 0.024088541666666664
0 0.00927734375 0.7434895833333333 0.0126953125 0.02734375
0 0.028076171875 0.7923177083333333 0.01318359375 0.026041666666666664
0 0.5400390625 0.10970052083333333 0.02734375 0.039713541666666664
0 0.44873046875 0.068359375 0.0244140625 0.04036458333333333
0 0.468994140625 0.11881510416666666 0.02685546875 0.039713541666666664
0 0.046875 0.21126302083333331 0.013671875 0.026692708333333332
0 0.0283203125 0.20638020833333331 0.013671875 0.026041666666666664
0 0.01025390625 0.20930989583333331 0.01171875 0.026692708333333332
