0 0.01806640625 0.9124348958333333 0.03515625 0.041015625
0 0.01806640625 0.7737630208333333 0.03515625 0.039713541666666664
0 0.010009765625 0.6741536458333333 0.02001953125 0.039713541666666664
0 0.067626953125 0.9016927083333333 0.03662109375 0.0390625
0 0.115478515625 0.8938802083333333 0.03271484375 0.037760416666666664
0 0.11083984375 0.962890625 0.03515625 0.0390625
0 0.160888671875 0.8850911458333333 0.03271484375 0.03841145833333333
0 0.20263671875 0.876953125 0.0302734375 0.037760416666666664
0 0.2431640625 0.8626302083333333 0.029296875 0.03515625
0 0.283935546875 0.8606770833333333 0.02783203125 0.03515625
0 0.365966796875 0.7906901041666666 0.02490234375 0.037109375
0 0.549072265625 0.8082682291666666 0.02001953125 0.029296875
0 0.02294921875 0.15462239583333331 0.0390625 0.044921875
0 0.03271484375 0.0986328125 0.0380859375 0.041015625
0 0.081787109375 0.09407552083333333 0.03466796875 0.039713541666666664
0 0.12841796875 0.12272135416666666 0.0341796875 0.041015625
0 0.16796875 0.10807291666666666 0.0302734375 0.03645833333333333
0 0.21142578125 0.1240234375 0.0302734375 0.037109375
0 0.250732421875 0.1474609375 0.02978515625 0.035807291666666664
0 0.79931640625 0.767578125 0.01171875 0.022135416666666664
0 0.83447265625 0.7464192708333333 0.0126953125 0.020182291666666664
0 0.698974609375 0.248046875 0.01416015625 0.026041666666666664
0 0.7080078125 0.28776041666666663 0.0146484375 0.026041666666666664
0 0.744873046875 0.3037109375 0.01416015625 0.025390625
