0 0.71240234375 0.8916015625 0.033203125 0.039713541666666664
0 0.453369140625 0.2932942708333333 0.02587890625 0.037109375
0 0.351806640625 0.6927083333333333 0.02099609375 0.03125
0 0.100830078125 0.7633463541666666 0.01513671875 0.027994791666666664
0 0.079833984375 0.7545572916666666 0.01416015625 0.02734375
0 0.06103515625 0.755859375 0.013671875 0.02734375
0 0.04345703125 0.7516276041666666 0.0126953125 0.025390625
0 0.025634765625 0.7483723958333333 0.01318359375 0.025390625
0 0.009033203125 0.7438151041666666 0.01318359375 0.026692708333333332
0 0.0283203125 0.79296875 0.0126953125 0.026041666666666664
0 0.046875 0.2119140625 0.015625 0.026692708333333332
0 0.028076171875 0.20540364583333331 0.01611328125 0.027994791666666664
0 0.01025390625 0.208984375 0.013671875 0.026041666666666664
