0 0.04833984375 0.21223958333333331 0.013671875 0.028645833333333332
0 0.0283203125 0.20768229166666666 0.0126953125 0.026041666666666664
0 0.0107421875 0.20833333333333331 0.0146484375 0.02734375
0 0.44921875 0.06901041666666666 0.0263671875 0.04036458333333333
0 0.46826171875 0.11881510416666666 0.0263671875 0.041015625
0 0.54052734375 0.10970052083333333 0.029296875 0.041015625
0 0.00927734375 0.7438151041666666 0.013671875 0.026692708333333332
0 0.026123046875 0.7473958333333333 0.01318359375 0.026041666666666664
0 0.0439453125 0.7509765625 0.013671875 0.026692708333333332
0 0.0615234375 0.7552083333333333 0.0146484375 0.026041666666666664
0 0.07958984375 0.7545572916666666 0.0146484375 0.02734375
0 0.1005859375 0.7626953125 0.015625 0.029296875
0 0.145263671875 0.7242838541666666 0.01513671875 0.026692708333333332
0 0.29541015625 0.7975260416666666 0.01953125 0.03125
0 0.0283203125 0.79296875 0.013671875 0.026041666666666664
0 0.71240234375 0.8919270833333333 0.033203125 0.041666666666666664
0 0.814453125 0.8850911458333333 0.037109375 0.044921875
