0 0.02197265625 0.15397135416666666 0.037109375 0.041015625
0 0.033447265625 0.09830729166666666 0.03662109375 0.04296875
0 0.080810546875 0.09309895833333333 0.03466796875 0.0390625
0 0.12744140625 0.12239583333333333 0.0341796875 0.0390625
0 0.168212890625 0.10709635416666666 0.03076171875 0.037109375
0 0.211181640625 0.1240234375 0.03076171875 0.03450520833333333
0 0.2509765625 0.14876302083333331 0.0283203125 0.035807291666666664
0 0.0087890625 0.6761067708333333 0.017578125 0.035807291666666664
0 0.017822265625 0.7740885416666666 0.03564453125 0.04036458333333333
0 0.017333984375 0.9117838541666666 0.03466796875 0.039713541666666664
0 0.067626953125 0.9026692708333333 0.03564453125 0.03841145833333333
0 0.114501953125 0.8932291666666666 0.03466796875 0.037760416666666664
0 0.159423828125 0.8844401041666666 0.03271484375 0.035807291666666664
0 0.2021484375 0.8776041666666666 0.033203125 0.03515625
0 0.242919921875 0.8626302083333333 0.02978515625 0.037760416666666664
0 0.2841796875 0.8606770833333333 0.02734375 0.033854166666666664
0 0.110595703125 0.9635416666666666 0.03564453125 0.037760416666666664
0 0.36572265625 0.7913411458333333 0.025390625 0.031901041666666664
0 0.549072265625 0.8082682291666666 0.02001953125 0.027994791666666664
0 0.798583984375 0.7682291666666666 0.01123046875 0.022135416666666664
0 0.833740234375 0.7464192708333333 0.01123046875 0.022786458333333332
0 0.698486328125 0.24772135416666666 0.01611328125 0.026692708333333332
0 0.707763671875 0.2874348958333333 0.01416015625 0.025390625
0 0.74560546875 0.3040364583333333 0.013671875 0.0234375
