0 0.833984375 0.7467447916666666 0.009765625 0.022135416666666664
0 0.798828125 0.7679036458333333 0.0107421875 0.021484375
0 0.744873046875 0.302734375 0.01416015625 0.026041666666666664
0 0.7080078125 0.287109375 0.0146484375 0.026041666666666664
0 0.698486328125 0.24772135416666666 0.01416015625 0.025390625
0 0.54833984375 0.8076171875 0.0185546875 0.027994791666666664
0 0.36572265625 0.7903645833333333 0.0234375 0.03125
0 0.284423828125 0.8600260416666666 0.02783203125 0.03515625
0 0.242919921875 0.8619791666666666 0.02880859375 0.03645833333333333
0 0.202392578125 0.8763020833333333 0.03076171875 0.037760416666666664
0 0.16015625 0.8844401041666666 0.033203125 0.03841145833333333
0 0.115234375 0.892578125 0.0341796875 0.0390625
0 0.11083984375 0.962890625 0.03515625 0.0390625
0 0.066650390625 0.9016927083333333 0.03662109375 0.04036458333333333
0 0.017822265625 0.912109375 0.03564453125 0.04036458333333333
0 0.01806640625 0.7737630208333333 0.0361328125 0.039713541666666664
0 0.009033203125 0.67578125 0.01806640625 0.04036458333333333
0 0.1279296875 0.12239583333333333 0.033203125 0.0390625
0 0.16796875 0.109375 0.03125 0.0390625
0 0.211181640625 0.12467447916666666 0.02978515625 0.035807291666666664
0 0.251220703125 0.1494140625 0.02880859375 0.03450520833333333
0 0.08154296875 0.09407552083333333 0.03515625 0.04231770833333333
0 0.03369140625 0.09765625 0.037109375 0.04427083333333333
0 0.022216796875 0.154296875 0.03857421875 0.041666666666666664
