0 0.02294921875 0.15364583333333331 0.0380859375 0.04036458333333333
0 0.033447265625 0.09928385416666666 0.03857421875 0.041015625
0 0.081787109375 0.09309895833333333 0.03564453125 0.0390625
0 0.127685546875 0.12272135416666666 0.03466796875 0.039713541666666664
0 0.1689453125 0.1083984375 0.0322265625 0.03841145833333333
0 0.2119140625 0.12467447916666666 0.03125 0.03841145833333333
0 0.251220703125 0.14908854166666666 0.02978515625 0.033854166666666664
0 0.009765625 0.6735026041666666 0.01953125 0.04622395833333333
0 0.019775390625 0.7740885416666666 0.03662109375 0.0390625
0 0.01806640625 0.912109375 0.0361328125 0.04427083333333333
0 0.067138671875 0.90234375 0.03369140625 0.04296875
0 0.1162109375 0.8935546875 0.03515625 0.037109375
0 0.111328125 0.9638671875 0.03515625 0.039713541666666664
0 0.160888671875 0.8844401041666666 0.03369140625 0.03841145833333333
0 0.20361328125 0.8759765625 0.0322265625 0.03841145833333333
0 0.243896484375 0.8626302083333333 0.02978515625 0.03645833333333333
0 0.285400390625 0.8600260416666666 0.02685546875 0.037760416666666664
0 0.365966796875 0.7903645833333333 0.02490234375 0.033854166666666664
0 0.549072265625 0.8076171875 0.01904296875 0.026692708333333332
0 0.799072265625 0.767578125 0.01220703125 0.022135416666666664
0 0.833740234375 0.74609375 0.01220703125 0.020833333333333332
0 0.69921875 0.24869791666666666 0.0146484375 0.024739583333333332
0 0.7080078125 0.2864583333333333 0.0146484375 0.026041666666666664
0 0.74560546875 0.3037109375 0.013671875 0.025390625
