0 0.0205078125 0.298828125 0.037109375 0.04296875
0 0.2177734375 0.34635416666666663 0.0302734375 0.03645833333333333
0 0.294189453125 0.2265625 0.02685546875 0.03515625
0 0.291748046875 0.1767578125 0.02685546875 0.03450520833333333
0 0.015625 0.6533203125 0.03125 0.04231770833333333
0 0.05908203125 0.6702473958333333 0.0361328125 0.041015625
0 0.076416015625 0.7180989583333333 0.03759765625 0.04036458333333333
0 0.01123046875 0.7789713541666666 0.0224609375 0.043619791666666664
0 0.25634765625 0.552734375 0.029296875 0.03645833333333333
0 0.3564453125 0.5462239583333333 0.0244140625 0.033854166666666664
0 0.4365234375 0.5377604166666666 0.0224609375 0.033854166666666664
0 0.935546875 0.9283854166666666 0.0087890625 0.0234375
0 0.76708984375 0.392578125 0.013671875 0.024739583333333332
