0 0.699462890625 0.248046875 0.01416015625 0.026041666666666664
0 0.7080078125 0.2884114583333333 0.0146484375 0.02734375
0 0.74560546875 0.30338541666666663 0.0146484375 0.024739583333333332
0 0.799072265625 0.7672526041666666 0.01123046875 0.021484375
0 0.83447265625 0.7464192708333333 0.0107421875 0.022786458333333332
0 0.549072265625 0.80859375 0.01904296875 0.03125
0 0.365966796875 0.791015625 0.02392578125 0.03255208333333333
0 0.284423828125 0.8610026041666666 0.02880859375 0.035807291666666664
0 0.243896484375 0.8629557291666666 0.02880859375 0.037109375
0 0.018310546875 0.7744140625 0.03662109375 0.04231770833333333
0 0.01806640625 0.9117838541666666 0.0361328125 0.04231770833333333
0 0.067138671875 0.9016927083333333 0.03759765625 0.041666666666666664
0 0.115478515625 0.892578125 0.03369140625 0.04036458333333333
0 0.160400390625 0.8837890625 0.03271484375 0.03841145833333333
0 0.202392578125 0.8763020833333333 0.03271484375 0.037760416666666664
0 0.11083984375 0.9635416666666666 0.03515625 0.0390625
0 0.00927734375 0.6770833333333333 0.0185546875 0.04296875
0 0.022216796875 0.15364583333333331 0.03857421875 0.041666666666666664
0 0.032958984375 0.09765625 0.03955078125 0.041666666666666664
0 0.080810546875 0.09375 0.03564453125 0.04296875
0 0.127197265625 0.12174479166666666 0.03466796875 0.04296875
0 0.16796875 0.10807291666666666 0.033203125 0.0390625
0 0.21142578125 0.12434895833333333 0.03125 0.037760416666666664
0 0.2509765625 0.14876302083333331 0.0302734375 0.037109375
