0 0.022216796875 0.15462239583333331 0.03759765625 0.04231770833333333
0 0.033447265625 0.09895833333333333 0.03857421875 0.04427083333333333
0 0.08203125 0.09407552083333333 0.03515625 0.04231770833333333
0 0.128173828125 0.123046875 0.03466796875 0.04036458333333333
0 0.16845703125 0.10904947916666666 0.0322265625 0.041015625
0 0.2119140625 0.125 0.0302734375 0.0390625
0 0.25146484375 0.14908854166666666 0.0302734375 0.0390625
0 0.009033203125 0.6767578125 0.01806640625 0.039713541666666664
0 0.01806640625 0.7747395833333333 0.0361328125 0.041666666666666664
0 0.017822265625 0.912109375 0.03564453125 0.041666666666666664
0 0.067138671875 0.9013671875 0.03662109375 0.041015625
0 0.114990234375 0.8932291666666666 0.03466796875 0.0390625
0 0.160400390625 0.8850911458333333 0.03271484375 0.03841145833333333
0 0.202880859375 0.8772786458333333 0.03076171875 0.037109375
0 0.24365234375 0.8626302083333333 0.0302734375 0.03645833333333333
0 0.28466796875 0.8606770833333333 0.0283203125 0.03515625
0 0.111083984375 0.9632161458333333 0.03466796875 0.039713541666666664
0 0.3662109375 0.7906901041666666 0.0234375 0.031901041666666664
0 0.548828125 0.8079427083333333 0.0185546875 0.028645833333333332
0 0.798828125 0.767578125 0.0126953125 0.0234375
0 0.833984375 0.7457682291666666 0.01171875 0.022786458333333332
0 0.698974609375 0.24869791666666666 0.01611328125 0.026041666666666664
0 0.708251953125 0.2884114583333333 0.01513671875 0.026041666666666664
0 0.745361328125 0.30436197916666663 0.01416015625 0.025390625
