0 0.833984375 0.74609375 0.0107421875 0.022135416666666664
0 0.799072265625 0.767578125 0.01123046875 0.022135416666666664
0 0.7451171875 0.3037109375 0.0126953125 0.025390625
0 0.7080078125 0.2874348958333333 0.0146484375 0.026692708333333332
0 0.698974609375 0.24772135416666666 0.01416015625 0.026692708333333332
0 0.548828125 0.8082682291666666 0.0185546875 0.029296875
0 0.36572265625 0.7906901041666666 0.0224609375 0.031901041666666664
0 0.28466796875 0.8610026041666666 0.02734375 0.03450520833333333
0 0.243896484375 0.86328125 0.02880859375 0.03645833333333333
0 0.202880859375 0.8766276041666666 0.03076171875 0.035807291666666664
0 0.16015625 0.884765625 0.0322265625 0.037760416666666664
0 0.114990234375 0.8938802083333333 0.03466796875 0.0390625
0 0.0673828125 0.9020182291666666 0.0361328125 0.039713541666666664
0 0.017822265625 0.9127604166666666 0.03564453125 0.041666666666666664
0 0.111083984375 0.9641927083333333 0.03466796875 0.0390625
0 0.018310546875 0.7744140625 0.03662109375 0.039713541666666664
0 0.009033203125 0.67578125 0.01806640625 0.041666666666666664
0 0.2509765625 0.14908854166666666 0.0283203125 0.03645833333333333
0 0.2119140625 0.1240234375 0.0302734375 0.035807291666666664
0 0.16796875 0.1083984375 0.03125 0.03841145833333333
0 0.127685546875 0.12239583333333333 0.03369140625 0.0390625
0 0.08154296875 0.09375 0.0361328125 0.04036458333333333
0 0.0322265625 0.09700520833333333 0.0380859375 0.041666666666666664
0 0.0224609375 0.154296875 0.0390625 0.041666666666666664
