0 0.00927734375 0.7428385416666666 0.0126953125 0.026041666666666664
0 0.0263671875 0.748046875 0.013671875 0.026041666666666664
0 0.04345703125 0.7513020833333333 0.0146484375 0.026041666666666664
0 0.0615234375 0.7548828125 0.013671875 0.026692708333333332
0 0.080078125 0.7548828125 0.013671875 0.027994791666666664
0 0.1005859375 0.7623697916666666 0.013671875 0.02734375
0 0.027587890625 0.79296875 0.01416015625 0.026041666666666664
0 0.1455078125 0.7242838541666666 0.015625 0.029296875
0 0.294921875 0.7975260416666666 0.01953125 0.03255208333333333
0 0.44873046875 0.068359375 0.025390625 0.0390625
0 0.4677734375 0.11848958333333333 0.0263671875 0.0390625
0 0.541015625 0.109375 0.0283203125 0.04036458333333333
0 0.712646484375 0.8916015625 0.03369140625 0.043619791666666664
0 0.814453125 0.884765625 0.0380859375 0.04427083333333333
0 0.046875 0.21223958333333331 0.013671875 0.024739583333333332
0 0.028076171875 0.20735677083333331 0.01416015625 0.024088541666666664
0 0.010498046875 0.2080078125 0.01220703125 0.024088541666666664
0 0.0009765625 0.23307291666666666 0.001953125 0.016927083333333332
