0 0.93505859375 0.927734375 0.0087890625 0.0234375
0 0.758544921875 0.38541666666666663 0.01220703125 0.026041666666666664
0 0.436279296875 0.5364583333333333 0.02099609375 0.03515625
0 0.353515625 0.5445963541666666 0.0244140625 0.035807291666666664
0 0.247802734375 0.5517578125 0.02880859375 0.035807291666666664
0 0.218017578125 0.34635416666666663 0.03076171875 0.03515625
0 0.29296875 0.2265625 0.025390625 0.03515625
0 0.292236328125 0.17610677083333331 0.02685546875 0.030598958333333332
0 0.01318359375 0.7809244791666666 0.0205078125 0.04622395833333333
0 0.075927734375 0.7171223958333333 0.03759765625 0.041015625
0 0.060302734375 0.6669921875 0.03857421875 0.03841145833333333
0 0.01806640625 0.6516927083333333 0.0361328125 0.041666666666666664
0 0.0205078125 0.29850260416666663 0.041015625 0.047526041666666664
