0 0.834228515625 0.74609375 0.01123046875 0.022135416666666664
0 0.799072265625 0.767578125 0.01123046875 0.0234375
0 0.7451171875 0.3037109375 0.0126953125 0.024088541666666664
0 0.7080078125 0.28776041666666663 0.0146484375 0.024739583333333332
0 0.69921875 0.248046875 0.0146484375 0.026041666666666664
0 0.548828125 0.8082682291666666 0.0185546875 0.027994791666666664
0 0.365478515625 0.791015625 0.02294921875 0.033854166666666664
0 0.28466796875 0.8603515625 0.02734375 0.03450520833333333
0 0.24365234375 0.8626302083333333 0.0283203125 0.03515625
0 0.203125 0.8759765625 0.0302734375 0.037109375
0 0.16015625 0.8844401041666666 0.0322265625 0.037109375
0 0.115234375 0.8929036458333333 0.033203125 0.03841145833333333
0 0.111083984375 0.9635416666666666 0.03369140625 0.0390625
0 0.067138671875 0.9020182291666666 0.03564453125 0.039713541666666664
0 0.017822265625 0.9117838541666666 0.03564453125 0.041015625
0 0.009033203125 0.6761067708333333 0.01806640625 0.04231770833333333
0 0.018310546875 0.7740885416666666 0.03662109375 0.04036458333333333
0 0.2509765625 0.1484375 0.0283203125 0.03515625
0 0.21142578125 0.12369791666666666 0.029296875 0.03645833333333333
0 0.167724609375 0.1083984375 0.03173828125 0.039713541666666664
0 0.1279296875 0.12272135416666666 0.0341796875 0.039713541666666664
0 0.0810546875 0.09244791666666666 0.03515625 0.037760416666666664
0 0.033447265625 0.09765625 0.03759765625 0.041666666666666664
0 0.02294921875 0.15364583333333331 0.0380859375 0.041666666666666664
