0 0.009033203125 0.7434895833333333 0.01318359375 0.024739583333333332
0 0.02587890625 0.7473958333333333 0.0126953125 0.026041666666666664
0 0.04345703125 0.7513020833333333 0.0126953125 0.026041666666666664
0 0.061279296875 0.7548828125 0.01318359375 0.025390625
0 0.079833984375 0.7542317708333333 0.01416015625 0.027994791666666664
0 0.1005859375 0.7626953125 0.0146484375 0.026692708333333332
0 0.02734375 0.7932942708333333 0.0126953125 0.024088541666666664
0 0.45361328125 0.29296875 0.0244140625 0.03645833333333333
0 0.351318359375 0.6927083333333333 0.02099609375 0.03125
0 0.71240234375 0.8912760416666666 0.033203125 0.04036458333333333
0 0.046875 0.2109375 0.0146484375 0.02734375
0 0.02783203125 0.20572916666666666 0.0146484375 0.02734375
0 0.010009765625 0.20735677083333331 0.01416015625 0.027994791666666664
