0 0.2841796875 0.8606770833333333 0.02734375 0.03515625
0 0.2431640625 0.8629557291666666 0.029296875 0.03450520833333333
0 0.203125 0.8766276041666666 0.03125 0.037109375
0 0.159912109375 0.8844401041666666 0.03173828125 0.03841145833333333
0 0.114990234375 0.8935546875 0.03466796875 0.03841145833333333
0 0.067138671875 0.9020182291666666 0.03564453125 0.03841145833333333
0 0.017578125 0.912109375 0.03515625 0.041666666666666664
0 0.11083984375 0.9645182291666666 0.03515625 0.03841145833333333
0 0.606201171875 0.7001953125 0.01806640625 0.026692708333333332
0 0.694091796875 0.4007161458333333 0.01611328125 0.026692708333333332
0 0.799072265625 0.767578125 0.01220703125 0.022135416666666664
0 0.916259765625 0.7320963541666666 0.01025390625 0.020182291666666664
0 0.89794921875 0.69140625 0.0107421875 0.020833333333333332
0 0.798828125 0.49479166666666663 0.0107421875 0.024739583333333332
0 0.902099609375 0.42447916666666663 0.01025390625 0.020833333333333332
0 0.033203125 0.09798177083333333 0.0380859375 0.04231770833333333
0 0.081298828125 0.09375 0.03564453125 0.04036458333333333
0 0.022705078125 0.15397135416666666 0.03857421875 0.041015625
0 0.2509765625 0.14876302083333331 0.029296875 0.035807291666666664
0 0.211669921875 0.1240234375 0.02978515625 0.037109375
0 0.167724609375 0.10807291666666666 0.03271484375 0.0390625
0 0.128662109375 0.123046875 0.03466796875 0.0390625
