0 0.93505859375 0.9283854166666666 0.0087890625 0.020833333333333332
0 0.74609375 0.3782552083333333 0.0126953125 0.0234375
0 0.436279296875 0.5367838541666666 0.02197265625 0.030598958333333332
0 0.351806640625 0.5458984375 0.02587890625 0.030598958333333332
0 0.291015625 0.17610677083333331 0.0244140625 0.031901041666666664
0 0.2939453125 0.2255859375 0.0263671875 0.033203125
0 0.21728515625 0.34635416666666663 0.03125 0.03515625
0 0.236083984375 0.5524088541666666 0.02978515625 0.035807291666666664
0 0.0771484375 0.7174479166666666 0.0361328125 0.0390625
0 0.05859375 0.669921875 0.0361328125 0.04036458333333333
0 0.01513671875 0.6529947916666666 0.0302734375 0.04036458333333333
0 0.010986328125 0.7802734375 0.02197265625 0.043619791666666664
0 0.020263671875 0.2958984375 0.03857421875 0.039713541666666664
