0 0.1455078125 0.15983072916666666 0.0341796875 0.030598958333333332
0 0.18798828125 0.35611979166666663 0.0283203125 0.03255208333333333
0 0.1767578125 0.72265625 0.0283203125 0.037760416666666664
0 0.8203125 0.35611979166666663 0.013671875 0.026041666666666664
0 0.956787109375 0.30859375 0.01025390625 0.01953125
0 0.976318359375 0.3138020833333333 0.01025390625 0.022135416666666664
0 0.99462890625 0.3167317708333333 0.009765625 0.016276041666666664
0 0.993408203125 0.8912760416666666 0.01220703125 0.016927083333333332
0 0.993896484375 0.4970703125 0.01123046875 0.024088541666666664
0 0.99609375 0.9296875 0.0068359375 0.018229166666666664
