0 0.177734375 0.7229817708333333 0.0283203125 0.03841145833333333
0 0.197265625 0.3603515625 0.02734375 0.033203125
0 0.15576171875 0.162109375 0.0302734375 0.037760416666666664
0 0.821044921875 0.357421875 0.01416015625 0.026041666666666664
0 0.955810546875 0.3108723958333333 0.01318359375 0.022786458333333332
0 0.974853515625 0.31412760416666663 0.01318359375 0.021484375
0 0.99267578125 0.3177083333333333 0.01171875 0.0234375
0 0.992431640625 0.4993489583333333 0.01318359375 0.024739583333333332
0 0.991943359375 0.8971354166666666 0.01318359375 0.026041666666666664
0 0.992919921875 0.9371744791666666 0.01318359375 0.026692708333333332
