0 0.159912109375 0.1611328125 0.03076171875 0.033203125
0 0.201171875 0.3626302083333333 0.029296875 0.03515625
0 0.17626953125 0.7229817708333333 0.029296875 0.03841145833333333
0 0.82080078125 0.35904947916666663 0.015625 0.025390625
0 0.955810546875 0.3098958333333333 0.01318359375 0.022135416666666664
0 0.974609375 0.3138020833333333 0.013671875 0.0234375
0 0.99267578125 0.318359375 0.0126953125 0.0234375
0 0.9921875 0.4983723958333333 0.013671875 0.024088541666666664
0 0.9921875 0.8968098958333333 0.013671875 0.025390625
0 0.992919921875 0.9365234375 0.01318359375 0.026692708333333332
