0 0.16357421875 0.16178385416666666 0.0302734375 0.033203125
0 0.20556640625 0.3636067708333333 0.0263671875 0.033203125
0 0.176513671875 0.7229817708333333 0.02880859375 0.03841145833333333
0 0.821044921875 0.3567708333333333 0.01513671875 0.0234375
0 0.956787109375 0.30859375 0.01123046875 0.01953125
0 0.9755859375 0.3134765625 0.009765625 0.016276041666666664
0 0.991943359375 0.31705729166666663 0.00830078125 0.016927083333333332
0 0.9921875 0.4973958333333333 0.01171875 0.020833333333333332
0 0.990478515625 0.8932291666666666 0.01318359375 0.020833333333333332
0 0.990234375 0.9326171875 0.0078125 0.022786458333333332
