0 0.16796875 0.162109375 0.0283203125 0.03125
0 0.210693359375 0.3662109375 0.02880859375 0.033203125
0 0.176513671875 0.7233072916666666 0.03076171875 0.037760416666666664
0 0.821044921875 0.3583984375 0.01513671875 0.025390625
0 0.99267578125 0.4993489583333333 0.0126953125 0.024739583333333332
0 0.95703125 0.3095703125 0.0146484375 0.021484375
0 0.975830078125 0.3138020833333333 0.01416015625 0.022135416666666664
0 0.992919921875 0.3177083333333333 0.01220703125 0.020833333333333332
0 0.991943359375 0.8971354166666666 0.01318359375 0.02734375
0 0.9931640625 0.9361979166666666 0.0126953125 0.024739583333333332
