0 0.171875 0.1640625 0.029296875 0.03255208333333333
0 0.215576171875 0.36881510416666663 0.02880859375 0.033203125
0 0.177001953125 0.7229817708333333 0.03076171875 0.037109375
0 0.82177734375 0.357421875 0.0166015625 0.026041666666666664
0 0.9560546875 0.31119791666666663 0.013671875 0.0234375
0 0.97509765625 0.314453125 0.013671875 0.022135416666666664
0 0.992431640625 0.31803385416666663 0.01220703125 0.021484375
0 0.9921875 0.4990234375 0.013671875 0.024088541666666664
0 0.9921875 0.8981119791666666 0.0126953125 0.026692708333333332
0 0.992919921875 0.9358723958333333 0.01318359375 0.025390625
