0 0.176513671875 0.1650390625 0.02978515625 0.033203125
0 0.219970703125 0.3704427083333333 0.02880859375 0.033854166666666664
0 0.17626953125 0.7233072916666666 0.0302734375 0.037760416666666664
0 0.821044921875 0.3587239583333333 0.01513671875 0.024739583333333332
0 0.95703125 0.3095703125 0.0146484375 0.022786458333333332
0 0.975341796875 0.31412760416666663 0.01416015625 0.021484375
0 0.992919921875 0.31803385416666663 0.01220703125 0.022786458333333332
0 0.992431640625 0.49869791666666663 0.01318359375 0.0234375
0 0.992431640625 0.8971354166666666 0.01318359375 0.026041666666666664
0 0.993408203125 0.9368489583333333 0.01220703125 0.02734375
