0 0.8212890625 0.35807291666666663 0.015625 0.026041666666666664
0 0.95703125 0.310546875 0.013671875 0.0234375
0 0.9755859375 0.314453125 0.0146484375 0.0234375
0 0.992919921875 0.4990234375 0.01318359375 0.024088541666666664
0 0.2294921875 0.3743489583333333 0.0283203125 0.033854166666666664
0 0.18408203125 0.16764322916666666 0.029296875 0.03450520833333333
0 0.176513671875 0.7229817708333333 0.02978515625 0.037109375
0 0.992919921875 0.31901041666666663 0.01220703125 0.0234375
0 0.991943359375 0.8974609375 0.01416015625 0.027994791666666664
0 0.992919921875 0.9368489583333333 0.01318359375 0.02734375
