0 0.821044921875 0.357421875 0.01513671875 0.026041666666666664
0 0.95654296875 0.3098958333333333 0.01171875 0.0234375
0 0.974853515625 0.314453125 0.01318359375 0.0234375
0 0.992919921875 0.4993489583333333 0.01220703125 0.024739583333333332
0 0.24267578125 0.38053385416666663 0.02734375 0.033203125
0 0.194580078125 0.171875 0.02880859375 0.03255208333333333
0 0.17626953125 0.7229817708333333 0.029296875 0.037109375
0 0.99267578125 0.31803385416666663 0.01171875 0.022786458333333332
0 0.99169921875 0.8981119791666666 0.013671875 0.026692708333333332
0 0.9931640625 0.9365234375 0.0126953125 0.025390625
