0 0.19970703125 0.1728515625 0.029296875 0.033203125
0 0.247802734375 0.38248697916666663 0.02880859375 0.033203125
0 0.177001953125 0.72265625 0.03173828125 0.037760416666666664
0 0.821533203125 0.3583984375 0.01611328125 0.026692708333333332
0 0.991455078125 0.8958333333333333 0.01220703125 0.028645833333333332
0 0.9921875 0.9375 0.01171875 0.024739583333333332
0 0.99267578125 0.4993489583333333 0.013671875 0.026041666666666664
0 0.95703125 0.3108723958333333 0.013671875 0.024088541666666664
0 0.97509765625 0.3147786458333333 0.013671875 0.025390625
0 0.993408203125 0.31803385416666663 0.01220703125 0.022786458333333332
