0 0.2060546875 0.17545572916666666 0.0283203125 0.031901041666666664
0 0.256591796875 0.38639322916666663 0.02783203125 0.03450520833333333
0 0.1767578125 0.72265625 0.029296875 0.0390625
0 0.992431640625 0.4990234375 0.01416015625 0.026692708333333332
0 0.821044921875 0.35807291666666663 0.01611328125 0.02734375
0 0.9560546875 0.310546875 0.013671875 0.024739583333333332
0 0.9755859375 0.314453125 0.013671875 0.026041666666666664
0 0.99365234375 0.3193359375 0.01171875 0.024088541666666664
0 0.99169921875 0.8938802083333333 0.015625 0.029947916666666664
0 0.99072265625 0.9322916666666666 0.0126953125 0.026041666666666664
