0 0.212890625 0.177734375 0.02734375 0.03125
0 0.26513671875 0.390625 0.02734375 0.033854166666666664
0 0.177001953125 0.7223307291666666 0.03076171875 0.037109375
0 0.991455078125 0.8961588541666666 0.01513671875 0.029296875
0 0.9912109375 0.93359375 0.01171875 0.028645833333333332
0 0.821044921875 0.3587239583333333 0.01611328125 0.026041666666666664
0 0.9560546875 0.3098958333333333 0.0126953125 0.0234375
0 0.97607421875 0.3134765625 0.0126953125 0.024088541666666664
0 0.994140625 0.31901041666666663 0.0107421875 0.024739583333333332
0 0.992431640625 0.4993489583333333 0.01416015625 0.024739583333333332
