0 0.174560546875 0.724609375 0.03271484375 0.0390625
0 0.294677734375 0.4036458333333333 0.02490234375 0.033854166666666664
0 0.236328125 0.1865234375 0.025390625 0.030598958333333332
0 0.820556640625 0.35546875 0.01318359375 0.026041666666666664
0 0.9560546875 0.30826822916666663 0.009765625 0.017578125
0 0.9755859375 0.3138020833333333 0.013671875 0.020833333333333332
0 0.99658203125 0.31705729166666663 0.005859375 0.015625
0 0.993408203125 0.4964192708333333 0.01220703125 0.024088541666666664
0 0.9921875 0.8968098958333333 0.0126953125 0.025390625
0 0.991943359375 0.9322916666666666 0.01318359375 0.026041666666666664
