0 0.17626953125 0.7223307291666666 0.03125 0.03841145833333333
0 0.326904296875 0.4182942708333333 0.02783203125 0.03450520833333333
0 0.259765625 0.19401041666666666 0.0263671875 0.03255208333333333
0 0.821044921875 0.3583984375 0.01513671875 0.025390625
0 0.956787109375 0.310546875 0.01318359375 0.0234375
0 0.9755859375 0.31412760416666663 0.013671875 0.022786458333333332
0 0.9931640625 0.31803385416666663 0.0126953125 0.021484375
0 0.99267578125 0.4990234375 0.013671875 0.026692708333333332
0 0.991943359375 0.8981119791666666 0.01220703125 0.029296875
0 0.9931640625 0.9368489583333333 0.01171875 0.02734375
