0 0.0224609375 0.15364583333333331 0.037109375 0.041666666666666664
0 0.03271484375 0.09733072916666666 0.0390625 0.041015625
0 0.08056640625 0.09342447916666666 0.0361328125 0.04231770833333333
0 0.12841796875 0.12272135416666666 0.03515625 0.039713541666666664
0 0.16845703125 0.107421875 0.0322265625 0.04036458333333333
0 0.211669921875 0.12434895833333333 0.03076171875 0.0390625
0 0.2509765625 0.14876302083333331 0.0302734375 0.03841145833333333
0 0.01806640625 0.912109375 0.0361328125 0.041666666666666664
0 0.067626953125 0.90234375 0.03759765625 0.04036458333333333
0 0.115478515625 0.8938802083333333 0.03564453125 0.04036458333333333
0 0.111083984375 0.9638671875 0.03564453125 0.039713541666666664
0 0.16015625 0.8850911458333333 0.033203125 0.03841145833333333
0 0.203125 0.876953125 0.03125 0.037760416666666664
0 0.24365234375 0.86328125 0.0302734375 0.037760416666666664
0 0.28466796875 0.8606770833333333 0.0283203125 0.03515625
0 0.6064453125 0.6995442708333333 0.0185546875 0.026692708333333332
0 0.69384765625 0.4007161458333333 0.015625 0.026692708333333332
0 0.7607421875 0.4873046875 0.013671875 0.025390625
0 0.901611328125 0.42447916666666663 0.01025390625 0.022135416666666664
0 0.8984375 0.6920572916666666 0.009765625 0.020833333333333332
0 0.91650390625 0.7330729166666666 0.0107421875 0.020833333333333332
0 0.798828125 0.7685546875 0.0126953125 0.022786458333333332
