0 0.712158203125 0.8916015625 0.03173828125 0.041015625
0 0.453857421875 0.2932942708333333 0.02587890625 0.037109375
0 0.35205078125 0.6923828125 0.0205078125 0.031901041666666664
0 0.1005859375 0.763671875 0.0146484375 0.02734375
0 0.080078125 0.7552083333333333 0.0146484375 0.02734375
0 0.0615234375 0.7555338541666666 0.013671875 0.026692708333333332
0 0.043212890625 0.751953125 0.01318359375 0.026041666666666664
0 0.02587890625 0.7486979166666666 0.013671875 0.024739583333333332
0 0.009033203125 0.744140625 0.01318359375 0.02734375
0 0.027587890625 0.79296875 0.01318359375 0.026041666666666664
0 0.594482421875 0.3997395833333333 0.02783203125 0.04036458333333333
0 0.010009765625 0.2109375 0.01513671875 0.028645833333333332
0 0.028076171875 0.20670572916666666 0.01416015625 0.026692708333333332
0 0.046875 0.2119140625 0.013671875 0.026692708333333332
