0 0.934814453125 0.9283854166666666 0.00927734375 0.022135416666666664
0 0.72900390625 0.3655598958333333 0.013671875 0.025390625
0 0.4365234375 0.5358072916666666 0.0224609375 0.029947916666666664
0 0.35107421875 0.5455729166666666 0.0244140625 0.03255208333333333
0 0.291015625 0.17643229166666666 0.02734375 0.03255208333333333
0 0.294189453125 0.2265625 0.02685546875 0.033854166666666664
0 0.2177734375 0.3466796875 0.0302734375 0.035807291666666664
0 0.220458984375 0.552734375 0.03076171875 0.03645833333333333
0 0.02001953125 0.29654947916666663 0.0361328125 0.03841145833333333
0 0.07666015625 0.7171223958333333 0.037109375 0.041015625
0 0.058837890625 0.6692708333333333 0.03564453125 0.04036458333333333
0 0.01513671875 0.6526692708333333 0.0302734375 0.04231770833333333
0 0.01123046875 0.779296875 0.0224609375 0.04296875
