0 0.3017578125 0.20735677083333331 0.025390625 0.031901041666666664
0 0.176513671875 0.7223307291666666 0.02978515625 0.037109375
0 0.387939453125 0.4453125 0.02490234375 0.03255208333333333
0 0.82080078125 0.3583984375 0.015625 0.025390625
0 0.956298828125 0.30924479166666663 0.01220703125 0.0234375
0 0.975341796875 0.3138020833333333 0.01318359375 0.022135416666666664
0 0.99267578125 0.31803385416666663 0.01171875 0.021484375
0 0.992431640625 0.4990234375 0.01318359375 0.024088541666666664
0 0.991455078125 0.8974609375 0.01220703125 0.025390625
0 0.9931640625 0.9361979166666666 0.0126953125 0.026041666666666664
