0 0.177490234375 0.7223307291666666 0.02783203125 0.037109375
0 0.395751953125 0.4475911458333333 0.02294921875 0.030598958333333332
0 0.305419921875 0.2080078125 0.02294921875 0.027994791666666664
0 0.818603515625 0.35546875 0.01513671875 0.01953125
0 0.9560546875 0.30859375 0.0126953125 0.018229166666666664
0 0.97607421875 0.31510416666666663 0.0107421875 0.026041666666666664
0 0.994384765625 0.3193359375 0.00830078125 0.022786458333333332
0 0.993408203125 0.4954427083333333 0.01220703125 0.024739583333333332
0 0.990966796875 0.8977864583333333 0.01025390625 0.020833333333333332
0 0.99267578125 0.9339192708333333 0.0078125 0.020182291666666664
