0 0.330810546875 0.21712239583333331 0.02490234375 0.030598958333333332
0 0.17626953125 0.7223307291666666 0.0302734375 0.03841145833333333
0 0.4384765625 0.4680989583333333 0.0244140625 0.03255208333333333
0 0.821044921875 0.35807291666666663 0.01513671875 0.026041666666666664
0 0.956787109375 0.310546875 0.01513671875 0.0234375
0 0.974853515625 0.31412760416666663 0.01416015625 0.024088541666666664
0 0.992431640625 0.49869791666666663 0.01416015625 0.024739583333333332
0 0.99267578125 0.3177083333333333 0.0126953125 0.022135416666666664
0 0.99169921875 0.8981119791666666 0.0146484375 0.027994791666666664
0 0.99267578125 0.9365234375 0.013671875 0.025390625
