0 0.340576171875 0.21907552083333331 0.02490234375 0.030598958333333332
0 0.176513671875 0.7229817708333333 0.03076171875 0.037109375
0 0.455078125 0.4755859375 0.0234375 0.031901041666666664
0 0.821044921875 0.35807291666666663 0.01513671875 0.024739583333333332
0 0.957275390625 0.3095703125 0.01416015625 0.022786458333333332
0 0.975830078125 0.314453125 0.01416015625 0.022135416666666664
0 0.993408203125 0.3186848958333333 0.01220703125 0.022786458333333332
0 0.99267578125 0.49967447916666663 0.013671875 0.025390625
0 0.991943359375 0.8971354166666666 0.01318359375 0.026041666666666664
0 0.9931640625 0.9368489583333333 0.01171875 0.02734375
