0 0.345947265625 0.22135416666666666 0.02490234375 0.03125
0 0.1767578125 0.7233072916666666 0.03125 0.0390625
0 0.46533203125 0.48014322916666663 0.0234375 0.031901041666666664
0 0.82080078125 0.3577473958333333 0.015625 0.024088541666666664
0 0.956787109375 0.3098958333333333 0.01416015625 0.022135416666666664
0 0.975830078125 0.314453125 0.01416015625 0.022135416666666664
0 0.9931640625 0.3186848958333333 0.01171875 0.021484375
0 0.992431640625 0.4983723958333333 0.01416015625 0.022786458333333332
0 0.991943359375 0.8977864583333333 0.01318359375 0.026041666666666664
0 0.9931640625 0.9348958333333333 0.0126953125 0.024739583333333332
