0 0.17578125 0.7233072916666666 0.0302734375 0.037760416666666664
0 0.35205078125 0.22298177083333331 0.0244140625 0.030598958333333332
0 0.478271484375 0.486328125 0.02294921875 0.03125
0 0.820556640625 0.35807291666666663 0.01611328125 0.026041666666666664
0 0.956787109375 0.30924479166666663 0.01220703125 0.0234375
0 0.974853515625 0.3138020833333333 0.01220703125 0.022135416666666664
0 0.992431640625 0.31803385416666663 0.01123046875 0.021484375
0 0.9912109375 0.49869791666666663 0.01171875 0.024739583333333332
0 0.990966796875 0.8981119791666666 0.01220703125 0.027994791666666664
0 0.9921875 0.9368489583333333 0.01171875 0.024739583333333332
