0 0.17626953125 0.7223307291666666 0.03125 0.035807291666666664
0 0.369140625 0.22786458333333331 0.0234375 0.03125
0 0.8212890625 0.357421875 0.015625 0.024739583333333332
0 0.9560546875 0.3098958333333333 0.0126953125 0.022135416666666664
0 0.97509765625 0.314453125 0.0126953125 0.022135416666666664
0 0.9931640625 0.3167317708333333 0.0126953125 0.021484375
0 0.9921875 0.49869791666666663 0.0126953125 0.026041666666666664
0 0.99169921875 0.8977864583333333 0.0126953125 0.026041666666666664
0 0.9931640625 0.9358723958333333 0.0126953125 0.026692708333333332
0 0.51708984375 0.50390625 0.0234375 0.03255208333333333
