0 0.935546875 0.9280598958333333 0.0087890625 0.021484375
0 0.716064453125 0.3577473958333333 0.01318359375 0.025390625
0 0.436279296875 0.5361328125 0.02197265625 0.030598958333333332
0 0.350830078125 0.5455729166666666 0.02294921875 0.03255208333333333
0 0.20947265625 0.5540364583333333 0.0322265625 0.03515625
0 0.291748046875 0.17643229166666666 0.02490234375 0.033854166666666664
0 0.294189453125 0.22526041666666666 0.02685546875 0.033854166666666664
0 0.21728515625 0.34635416666666663 0.03125 0.03645833333333333
0 0.076904296875 0.7177734375 0.03662109375 0.039713541666666664
0 0.058349609375 0.6686197916666666 0.03662109375 0.0390625
0 0.015380859375 0.6529947916666666 0.03076171875 0.04296875
0 0.01123046875 0.7796223958333333 0.0224609375 0.04231770833333333
0 0.019775390625 0.296875 0.03759765625 0.04036458333333333
