0 0.453857421875 0.2932942708333333 0.02490234375 0.033203125
0 0.0087890625 0.744140625 0.013671875 0.01953125
0 0.028564453125 0.7942708333333333 0.01025390625 0.0234375
0 0.026611328125 0.748046875 0.00927734375 0.024739583333333332
0 0.044189453125 0.7506510416666666 0.01123046875 0.0234375
0 0.062255859375 0.755859375 0.01220703125 0.02734375
0 0.080322265625 0.7555338541666666 0.01318359375 0.026692708333333332
0 0.100830078125 0.7630208333333333 0.01513671875 0.024739583333333332
0 0.352294921875 0.693359375 0.02099609375 0.03125
0 0.71435546875 0.8929036458333333 0.02734375 0.037109375
0 0.046630859375 0.21061197916666666 0.01513671875 0.027994791666666664
0 0.027587890625 0.20540364583333331 0.01416015625 0.027994791666666664
0 0.01025390625 0.20833333333333331 0.013671875 0.02734375
