0 0.01806640625 0.9124348958333333 0.0361328125 0.04231770833333333
0 0.0673828125 0.9020182291666666 0.0361328125 0.039713541666666664
0 0.111328125 0.9641927083333333 0.0341796875 0.0390625
0 0.11572265625 0.8935546875 0.0341796875 0.039713541666666664
0 0.16015625 0.8854166666666666 0.0322265625 0.037760416666666664
0 0.203125 0.8772786458333333 0.0302734375 0.037109375
0 0.2431640625 0.8623046875 0.0283203125 0.035807291666666664
0 0.28466796875 0.8606770833333333 0.02734375 0.03515625
0 0.606201171875 0.7001953125 0.01708984375 0.027994791666666664
0 0.714111328125 0.4798177083333333 0.01318359375 0.026041666666666664
0 0.6943359375 0.40104166666666663 0.015625 0.02734375
0 0.798583984375 0.767578125 0.01123046875 0.0234375
0 0.91650390625 0.732421875 0.009765625 0.020833333333333332
0 0.898681640625 0.6923828125 0.01025390625 0.020182291666666664
0 0.90234375 0.42545572916666663 0.009765625 0.020182291666666664
0 0.251708984375 0.14908854166666666 0.02978515625 0.03645833333333333
0 0.2119140625 0.12467447916666666 0.029296875 0.037109375
0 0.168212890625 0.10872395833333333 0.03271484375 0.037760416666666664
0 0.1279296875 0.123046875 0.0341796875 0.04036458333333333
0 0.08154296875 0.09342447916666666 0.0361328125 0.039713541666666664
0 0.033203125 0.09733072916666666 0.0380859375 0.041015625
0 0.022216796875 0.15397135416666666 0.03759765625 0.04231770833333333
