0 0.021240234375 0.2978515625 0.03564453125 0.043619791666666664
0 0.29150390625 0.17610677083333331 0.02734375 0.033203125
0 0.2939453125 0.22591145833333331 0.02734375 0.03515625
0 0.217529296875 0.34635416666666663 0.03076171875 0.03515625
0 0.197021484375 0.5533854166666666 0.03076171875 0.037760416666666664
0 0.351806640625 0.5458984375 0.02490234375 0.03450520833333333
0 0.014892578125 0.6526692708333333 0.02978515625 0.04231770833333333
0 0.058349609375 0.6702473958333333 0.03564453125 0.04231770833333333
0 0.07666015625 0.7184244791666666 0.0361328125 0.04231770833333333
0 0.011474609375 0.7796223958333333 0.02294921875 0.044921875
0 0.4365234375 0.537109375 0.0234375 0.03125
0 0.935791015625 0.9293619791666666 0.00830078125 0.022786458333333332
0 0.699951171875 0.3466796875 0.01513671875 0.025390625
