0 0.015380859375 0.6529947916666666 0.03076171875 0.04296875
0 0.058349609375 0.6686197916666666 0.03857421875 0.04036458333333333
0 0.076416015625 0.7180989583333333 0.03759765625 0.041666666666666664
0 0.010986328125 0.7789713541666666 0.02197265625 0.04231770833333333
0 0.02001953125 0.29654947916666663 0.037109375 0.041015625
0 0.21728515625 0.3460286458333333 0.0322265625 0.035807291666666664
0 0.294677734375 0.2265625 0.02685546875 0.03515625
0 0.29248046875 0.17578125 0.0263671875 0.03515625
0 0.348388671875 0.5481770833333333 0.02587890625 0.03515625
0 0.418701171875 0.5452473958333333 0.02392578125 0.030598958333333332
0 0.7529296875 0.5696614583333333 0.0146484375 0.026041666666666664
0 0.93505859375 0.9293619791666666 0.0107421875 0.022786458333333332
