0 0.06640625 0.9013671875 0.037109375 0.043619791666666664
0 0.115234375 0.8929036458333333 0.0361328125 0.03841145833333333
0 0.1591796875 0.884765625 0.037109375 0.041666666666666664
0 0.202880859375 0.8766276041666666 0.03369140625 0.041015625
0 0.242919921875 0.8626302083333333 0.02880859375 0.0390625
0 0.2841796875 0.8603515625 0.03125 0.037109375
0 0.1103515625 0.9641927083333333 0.0361328125 0.041666666666666664
0 0.60546875 0.6995442708333333 0.0166015625 0.029296875
0 0.693115234375 0.3987630208333333 0.01708984375 0.029296875
0 0.900146484375 0.4222005208333333 0.01416015625 0.026692708333333332
0 0.8603515625 0.4651692708333333 0.0107421875 0.021484375
0 0.8984375 0.6901041666666666 0.0107421875 0.024739583333333332
0 0.916259765625 0.7320963541666666 0.01025390625 0.022786458333333332
0 0.79833984375 0.7679036458333333 0.0126953125 0.025390625
0 0.251220703125 0.15071614583333331 0.03466796875 0.037109375
0 0.211669921875 0.1240234375 0.03271484375 0.03841145833333333
0 0.167236328125 0.1083984375 0.02783203125 0.037109375
0 0.128173828125 0.12532552083333331 0.03271484375 0.03841145833333333
0 0.0810546875 0.0947265625 0.033203125 0.043619791666666664
0 0.03271484375 0.09700520833333333 0.0361328125 0.04036458333333333
0 0.02880859375 0.15592447916666666 0.0283203125 0.04231770833333333
0 0.01708984375 0.9114583333333333 0.0341796875 0.04036458333333333
