0 0.453857421875 0.29361979166666663 0.02783203125 0.03255208333333333
0 0.350830078125 0.69140625 0.02001953125 0.028645833333333332
0 0.712890625 0.8935546875 0.0322265625 0.04231770833333333
0 0.009521484375 0.7451171875 0.01513671875 0.026692708333333332
0 0.024658203125 0.7477213541666666 0.01416015625 0.024088541666666664
0 0.043701171875 0.7513020833333333 0.01611328125 0.028645833333333332
0 0.060791015625 0.7571614583333333 0.01318359375 0.029947916666666664
0 0.0791015625 0.7545572916666666 0.0146484375 0.02734375
0 0.099853515625 0.7630208333333333 0.01708984375 0.029947916666666664
0 0.028564453125 0.7923177083333333 0.01416015625 0.026041666666666664
0 0.046875 0.2109375 0.0146484375 0.028645833333333332
0 0.027587890625 0.20638020833333331 0.01416015625 0.026041666666666664
0 0.01025390625 0.20865885416666666 0.013671875 0.026692708333333332
