0 0.292236328125 0.17610677083333331 0.02783203125 0.035807291666666664
0 0.44384765625 0.251953125 0.0224609375 0.03125
0 0.66357421875 0.5413411458333333 0.015625 0.027994791666666664
0 0.016845703125 0.21419270833333331 0.03369140625 0.04036458333333333
0 0.0634765625 0.44498697916666663 0.0380859375 0.037109375
0 0.005859375 0.7024739583333333 0.01171875 0.0390625
0 0.0537109375 0.7464192708333333 0.0380859375 0.04231770833333333
0 0.09130859375 0.8313802083333333 0.0361328125 0.041666666666666664
0 0.166015625 0.7796223958333333 0.033203125 0.039713541666666664
0 0.1474609375 0.8365885416666666 0.0341796875 0.04036458333333333
0 0.00146484375 0.8294270833333333 0.0029296875 0.022135416666666664
