0 0.0166015625 0.21516927083333331 0.033203125 0.039713541666666664
0 0.166259765625 0.7796223958333333 0.03271484375 0.037109375
0 0.1474609375 0.8362630208333333 0.0341796875 0.03841145833333333
0 0.0908203125 0.8313802083333333 0.0361328125 0.0390625
0 0.052978515625 0.7470703125 0.03759765625 0.04231770833333333
0 0.005859375 0.7021484375 0.01171875 0.03841145833333333
0 0.29150390625 0.17610677083333331 0.025390625 0.033203125
0 0.062744140625 0.4462890625 0.03564453125 0.039713541666666664
0 0.415771484375 0.21223958333333331 0.02294921875 0.03125
0 0.659423828125 0.5322265625 0.01513671875 0.026692708333333332
