0 0.43603515625 0.5358072916666666 0.0234375 0.03515625
0 0.351806640625 0.5455729166666666 0.02587890625 0.03255208333333333
0 0.64794921875 0.3108723958333333 0.0166015625 0.026692708333333332
0 0.217529296875 0.3470052083333333 0.03173828125 0.037760416666666664
0 0.196533203125 0.5553385416666666 0.03173828125 0.037760416666666664
0 0.294189453125 0.2255859375 0.02783203125 0.033203125
0 0.29150390625 0.17610677083333331 0.0263671875 0.030598958333333332
0 0.02001953125 0.2962239583333333 0.037109375 0.037760416666666664
0 0.076171875 0.7177734375 0.037109375 0.041015625
0 0.05908203125 0.6689453125 0.037109375 0.039713541666666664
0 0.015380859375 0.6529947916666666 0.02978515625 0.04296875
0 0.01123046875 0.7802734375 0.021484375 0.044921875
0 0.935791015625 0.9293619791666666 0.00927734375 0.021484375
