0 0.0087890625 0.7431640625 0.0126953125 0.024088541666666664
0 0.025634765625 0.7473958333333333 0.01220703125 0.024739583333333332
0 0.04345703125 0.7513020833333333 0.013671875 0.026041666666666664
0 0.06103515625 0.7552083333333333 0.013671875 0.026041666666666664
0 0.079833984375 0.75390625 0.01416015625 0.026041666666666664
0 0.100830078125 0.7626953125 0.01416015625 0.026692708333333332
0 0.027587890625 0.7926432291666666 0.01220703125 0.025390625
0 0.453369140625 0.2919921875 0.02490234375 0.035807291666666664
0 0.351318359375 0.6930338541666666 0.02099609375 0.031901041666666664
0 0.71240234375 0.8916015625 0.033203125 0.041015625
0 0.04736328125 0.21061197916666666 0.015625 0.027994791666666664
0 0.02734375 0.2060546875 0.0146484375 0.026692708333333332
0 0.01025390625 0.20833333333333331 0.013671875 0.02734375
