0 0.017578125 0.912109375 0.0341796875 0.04296875
0 0.067138671875 0.9029947916666666 0.03662109375 0.041666666666666664
0 0.115234375 0.8935546875 0.0341796875 0.039713541666666664
0 0.16015625 0.8857421875 0.033203125 0.041015625
0 0.202880859375 0.876953125 0.03271484375 0.037760416666666664
0 0.243408203125 0.86328125 0.02978515625 0.037760416666666664
0 0.28466796875 0.861328125 0.02734375 0.03645833333333333
0 0.111083984375 0.9645182291666666 0.03369140625 0.03841145833333333
0 0.6064453125 0.7008463541666666 0.0166015625 0.031901041666666664
0 0.69384765625 0.400390625 0.0166015625 0.02734375
0 0.63330078125 0.5081380208333333 0.017578125 0.030598958333333332
0 0.901611328125 0.4248046875 0.01123046875 0.025390625
0 0.898193359375 0.6927083333333333 0.01025390625 0.022135416666666664
0 0.79931640625 0.767578125 0.0126953125 0.0234375
0 0.91650390625 0.732421875 0.0107421875 0.020833333333333332
0 0.127197265625 0.1220703125 0.03564453125 0.04231770833333333
0 0.25048828125 0.1474609375 0.0302734375 0.03841145833333333
0 0.210693359375 0.123046875 0.03173828125 0.04036458333333333
0 0.167236328125 0.10709635416666666 0.03271484375 0.041015625
0 0.02197265625 0.15266927083333331 0.0390625 0.04231770833333333
0 0.080810546875 0.09244791666666666 0.03564453125 0.04296875
0 0.033203125 0.09733072916666666 0.0380859375 0.04231770833333333
