0 0.0166015625 0.21516927083333331 0.033203125 0.039713541666666664
0 0.43310546875 0.6656901041666666 0.0234375 0.031901041666666664
0 0.0908203125 0.8313802083333333 0.0361328125 0.0390625
0 0.052978515625 0.7470703125 0.03759765625 0.04231770833333333
0 0.005859375 0.7021484375 0.01171875 0.03841145833333333
0 0.29150390625 0.17610677083333331 0.025390625 0.033203125
0 0.062744140625 0.4462890625 0.03564453125 0.039713541666666664
0 0.387451171875 0.2158203125 0.02294921875 0.030598958333333332
0 0.659912109375 0.5087890625 0.01513671875 0.026692708333333332
0 0.7099609375 0.564453125 0.0146484375 0.024739583333333332
