0 0.292236328125 0.17610677083333331 0.02685546875 0.03450520833333333
0 0.386962890625 0.21549479166666666 0.02587890625 0.03515625
0 0.017333984375 0.2138671875 0.03466796875 0.043619791666666664
0 0.063232421875 0.4456380208333333 0.03564453125 0.03841145833333333
0 0.00537109375 0.703125 0.0107421875 0.037760416666666664
0 0.052978515625 0.74609375 0.03857421875 0.041666666666666664
0 0.09619140625 0.8284505208333333 0.037109375 0.04231770833333333
0 0.45947265625 0.6494140625 0.0234375 0.033203125
0 0.66015625 0.5078125 0.0166015625 0.028645833333333332
0 0.712890625 0.5638020833333333 0.0146484375 0.026041666666666664
