0 0.063232421875 0.4453125 0.03662109375 0.0390625
0 0.016357421875 0.21484375 0.03271484375 0.04036458333333333
0 0.387451171875 0.21516927083333331 0.02392578125 0.031901041666666664
0 0.292236328125 0.17643229166666666 0.02587890625 0.033854166666666664
0 0.42724609375 0.5485026041666666 0.0234375 0.031901041666666664
0 0.54541015625 0.6061197916666666 0.0185546875 0.02734375
0 0.659912109375 0.5087890625 0.01708984375 0.025390625
0 0.657470703125 0.5442708333333333 0.01611328125 0.026041666666666664
0 0.720458984375 0.5667317708333333 0.01416015625 0.025390625
0 0.005615234375 0.7024739583333333 0.01123046875 0.037760416666666664
