0 0.119384765625 0.705078125 0.03662109375 0.0390625
0 0.016357421875 0.21484375 0.03271484375 0.04036458333333333
0 0.387451171875 0.21516927083333331 0.02392578125 0.031901041666666664
0 0.292236328125 0.17643229166666666 0.02587890625 0.033854166666666664
0 0.51220703125 0.4534505208333333 0.021484375 0.030598958333333332
0 0.583740234375 0.5592447916666666 0.01904296875 0.028645833333333332
0 0.659912109375 0.5087890625 0.01708984375 0.025390625
0 0.657470703125 0.5442708333333333 0.01611328125 0.026041666666666664
0 0.720458984375 0.5667317708333333 0.01416015625 0.025390625
0 0.5771484375 0.6149088541666666 0.0166015625 0.026692708333333332
