0 0.236083984375 0.6979166666666666 0.03076171875 0.03645833333333333
0 0.016357421875 0.21484375 0.03271484375 0.04036458333333333
0 0.387451171875 0.21516927083333331 0.02392578125 0.031901041666666664
0 0.292236328125 0.17643229166666666 0.02587890625 0.033854166666666664
0 0.521484375 0.4505208333333333 0.0205078125 0.029947916666666664
0 0.599365234375 0.5576171875 0.01708984375 0.026692708333333332
0 0.659912109375 0.5087890625 0.01708984375 0.025390625
0 0.657470703125 0.5442708333333333 0.01611328125 0.026041666666666664
0 0.720458984375 0.5667317708333333 0.01416015625 0.025390625
0 0.580810546875 0.6259765625 0.01806640625 0.027994791666666664
