0 0.38623046875 0.6904296875 0.025390625 0.033203125
0 0.016357421875 0.21484375 0.03271484375 0.04036458333333333
0 0.387451171875 0.21516927083333331 0.02392578125 0.031901041666666664
0 0.292236328125 0.17643229166666666 0.02587890625 0.033854166666666664
0 0.52685546875 0.4560546875 0.021484375 0.030598958333333332
0 0.60693359375 0.5582682291666666 0.017578125 0.029296875
0 0.659912109375 0.5087890625 0.01708984375 0.025390625
0 0.657470703125 0.5442708333333333 0.01611328125 0.026041666666666664
0 0.720458984375 0.5667317708333333 0.01416015625 0.025390625
0 0.58056640625 0.6256510416666666 0.017578125 0.028645833333333332
0 0.011962890625 0.84375 0.02392578125 0.04296875
