0 0.022216796875 0.15494791666666666 0.03564453125 0.0390625
0 0.03125 0.09798177083333333 0.03515625 0.04231770833333333
0 0.07958984375 0.09212239583333333 0.0341796875 0.039713541666666664
0 0.12890625 0.1240234375 0.033203125 0.039713541666666664
0 0.169189453125 0.10872395833333333 0.03173828125 0.041666666666666664
0 0.21142578125 0.123046875 0.0263671875 0.037760416666666664
0 0.2509765625 0.146484375 0.0322265625 0.04036458333333333
0 0.0185546875 0.9134114583333333 0.037109375 0.04036458333333333
0 0.068359375 0.9033203125 0.0380859375 0.044921875
0 0.114501953125 0.8929036458333333 0.03564453125 0.039713541666666664
0 0.160400390625 0.8841145833333333 0.03271484375 0.037760416666666664
0 0.203369140625 0.8759765625 0.03466796875 0.035807291666666664
0 0.242431640625 0.8639322916666666 0.02978515625 0.0390625
0 0.28466796875 0.8623046875 0.0302734375 0.03841145833333333
0 0.1103515625 0.9641927083333333 0.03515625 0.0390625
0 0.60693359375 0.6982421875 0.0146484375 0.025390625
0 0.63525390625 0.5048828125 0.015625 0.025390625
0 0.693359375 0.3994140625 0.015625 0.027994791666666664
0 0.90283203125 0.42447916666666663 0.0126953125 0.0234375
0 0.89892578125 0.6927083333333333 0.0107421875 0.020833333333333332
0 0.916748046875 0.7320963541666666 0.01123046875 0.021484375
0 0.798828125 0.7679036458333333 0.0107421875 0.022786458333333332
