0 0.01513671875 0.6529947916666666 0.0302734375 0.041666666666666664
0 0.05859375 0.6695963541666666 0.0380859375 0.04231770833333333
0 0.076416015625 0.7180989583333333 0.03759765625 0.04036458333333333
0 0.0107421875 0.7799479166666666 0.021484375 0.04296875
0 0.197021484375 0.5553385416666666 0.03076171875 0.03645833333333333
0 0.2177734375 0.3466796875 0.0302734375 0.035807291666666664
0 0.351318359375 0.5452473958333333 0.02490234375 0.033203125
0 0.435791015625 0.5367838541666666 0.02294921875 0.031901041666666664
0 0.6240234375 0.2932942708333333 0.0166015625 0.025390625
0 0.93603515625 0.9309895833333333 0.0078125 0.020833333333333332
0 0.019287109375 0.29557291666666663 0.03857421875 0.04296875
0 0.291259765625 0.2216796875 0.02294921875 0.025390625
0 0.29150390625 0.17610677083333331 0.0263671875 0.033203125
