0 0.016357421875 0.21484375 0.03271484375 0.04036458333333333
0 0.292236328125 0.17643229166666666 0.02587890625 0.033854166666666664
0 0.6533203125 0.5657552083333333 0.015625 0.026041666666666664
0 0.654541015625 0.5003255208333333 0.01611328125 0.026692708333333332
0 0.678955078125 0.5123697916666666 0.01513671875 0.02734375
0 0.715087890625 0.5029296875 0.01416015625 0.025390625
0 0.778564453125 0.5677083333333333 0.01318359375 0.0234375
0 0.58056640625 0.6256510416666666 0.017578125 0.028645833333333332
0 0.65478515625 0.2805989583333333 0.015625 0.02734375
0 0.779052734375 0.7880859375 0.01318359375 0.024088541666666664
