0 0.452880859375 0.294921875 0.02294921875 0.03255208333333333
0 0.3515625 0.6920572916666666 0.017578125 0.033854166666666664
0 0.71435546875 0.8929036458333333 0.0302734375 0.037109375
0 0.00927734375 0.7451171875 0.013671875 0.021484375
0 0.026611328125 0.7473958333333333 0.01123046875 0.0234375
0 0.042724609375 0.7522786458333333 0.01416015625 0.022786458333333332
0 0.0615234375 0.7565104166666666 0.0107421875 0.028645833333333332
0 0.0791015625 0.755859375 0.01171875 0.026041666666666664
0 0.100341796875 0.7630208333333333 0.01416015625 0.022135416666666664
0 0.0283203125 0.7932942708333333 0.0126953125 0.025390625
0 0.046630859375 0.2109375 0.01513671875 0.02734375
0 0.027587890625 0.20572916666666666 0.01416015625 0.02734375
0 0.010009765625 0.20865885416666666 0.01416015625 0.026692708333333332
