0 0.63525390625 0.5084635416666666 0.017578125 0.02734375
0 0.69384765625 0.40006510416666663 0.015625 0.026692708333333332
0 0.902099609375 0.4248046875 0.01025390625 0.021484375
0 0.6064453125 0.6998697916666666 0.017578125 0.026041666666666664
0 0.799072265625 0.7679036458333333 0.01123046875 0.021484375
0 0.898193359375 0.6923828125 0.01025390625 0.020182291666666664
0 0.915771484375 0.7320963541666666 0.00927734375 0.020182291666666664
0 0.28466796875 0.8606770833333333 0.02734375 0.033854166666666664
0 0.243896484375 0.8629557291666666 0.02880859375 0.035807291666666664
0 0.203125 0.8766276041666666 0.0302734375 0.035807291666666664
0 0.16015625 0.884765625 0.0322265625 0.037760416666666664
0 0.115234375 0.8935546875 0.0341796875 0.03841145833333333
0 0.067138671875 0.9020182291666666 0.03662109375 0.039713541666666664
0 0.017822265625 0.9117838541666666 0.03564453125 0.041015625
0 0.111083984375 0.9638671875 0.03466796875 0.039713541666666664
0 0.25146484375 0.14908854166666666 0.029296875 0.03515625
0 0.211669921875 0.12467447916666666 0.03076171875 0.037109375
0 0.16796875 0.10872395833333333 0.0322265625 0.04036458333333333
0 0.127685546875 0.12337239583333333 0.03466796875 0.039713541666666664
0 0.081787109375 0.0927734375 0.03564453125 0.04231770833333333
0 0.033203125 0.09765625 0.0380859375 0.04036458333333333
0 0.0224609375 0.154296875 0.0390625 0.04036458333333333
