0 0.83349609375 0.7454427083333333 0.0107421875 0.020833333333333332
0 0.798828125 0.7679036458333333 0.0107421875 0.022786458333333332
0 0.745361328125 0.30338541666666663 0.01318359375 0.024739583333333332
0 0.698974609375 0.24739583333333331 0.01513671875 0.024739583333333332
0 0.707763671875 0.287109375 0.01416015625 0.026041666666666664
0 0.548828125 0.8079427083333333 0.0185546875 0.028645833333333332
0 0.3662109375 0.7906901041666666 0.0234375 0.031901041666666664
0 0.28466796875 0.8606770833333333 0.02734375 0.03515625
0 0.24365234375 0.8623046875 0.029296875 0.035807291666666664
0 0.203125 0.8759765625 0.03125 0.037109375
0 0.16015625 0.884765625 0.033203125 0.037760416666666664
0 0.114990234375 0.8929036458333333 0.03369140625 0.03841145833333333
0 0.11083984375 0.9638671875 0.0341796875 0.03841145833333333
0 0.067138671875 0.9016927083333333 0.03662109375 0.04036458333333333
0 0.017578125 0.9127604166666666 0.03515625 0.04036458333333333
0 0.018310546875 0.7744140625 0.03662109375 0.039713541666666664
0 0.009033203125 0.6754557291666666 0.01806640625 0.039713541666666664
0 0.251708984375 0.1484375 0.02978515625 0.03645833333333333
0 0.21142578125 0.12434895833333333 0.03125 0.03515625
0 0.16796875 0.10774739583333333 0.03125 0.037109375
0 0.128662109375 0.123046875 0.03369140625 0.04036458333333333
0 0.0810546875 0.0927734375 0.0341796875 0.03841145833333333
0 0.03271484375 0.09733072916666666 0.0380859375 0.041015625
0 0.022705078125 0.15494791666666666 0.03857421875 0.041666666666666664
