0 0.833984375 0.7454427083333333 0.0107421875 0.022135416666666664
0 0.799072265625 0.7669270833333333 0.01123046875 0.022135416666666664
0 0.74560546875 0.3030598958333333 0.013671875 0.025390625
0 0.708251953125 0.287109375 0.01513671875 0.026041666666666664
0 0.69921875 0.24772135416666666 0.0146484375 0.026692708333333332
0 0.548828125 0.8076171875 0.0185546875 0.027994791666666664
0 0.365966796875 0.7903645833333333 0.02392578125 0.03255208333333333
0 0.284423828125 0.8603515625 0.02783203125 0.035807291666666664
0 0.2431640625 0.8623046875 0.029296875 0.035807291666666664
0 0.20263671875 0.8759765625 0.03125 0.037109375
0 0.159912109375 0.8841145833333333 0.03271484375 0.037760416666666664
0 0.115234375 0.8929036458333333 0.0341796875 0.03841145833333333
0 0.11083984375 0.9632161458333333 0.03515625 0.039713541666666664
0 0.06640625 0.9016927083333333 0.0361328125 0.0390625
0 0.017822265625 0.9117838541666666 0.03564453125 0.041015625
0 0.018310546875 0.7737630208333333 0.03662109375 0.041015625
0 0.009765625 0.6751302083333333 0.01953125 0.04036458333333333
0 0.251220703125 0.14908854166666666 0.02978515625 0.03645833333333333
0 0.211181640625 0.1240234375 0.03076171875 0.03841145833333333
0 0.16748046875 0.10774739583333333 0.033203125 0.041015625
0 0.127685546875 0.12272135416666666 0.03466796875 0.041015625
0 0.0810546875 0.0927734375 0.037109375 0.04231770833333333
0 0.022216796875 0.15462239583333331 0.03857421875 0.043619791666666664
0 0.03271484375 0.09798177083333333 0.0390625 0.043619791666666664
