0 0.39599609375 0.2333984375 0.0244140625 0.030598958333333332
0 0.176513671875 0.72265625 0.03076171875 0.037760416666666664
0 0.821044921875 0.35807291666666663 0.01513671875 0.026041666666666664
0 0.956787109375 0.30924479166666663 0.01318359375 0.020833333333333332
0 0.97509765625 0.31412760416666663 0.013671875 0.022786458333333332
0 0.99365234375 0.3173828125 0.0107421875 0.020182291666666664
0 0.97119140625 0.48990885416666663 0.013671875 0.024088541666666664
0 0.99267578125 0.5009765625 0.0126953125 0.025390625
0 0.9921875 0.8977864583333333 0.0126953125 0.028645833333333332
0 0.992919921875 0.931640625 0.01123046875 0.020833333333333332
