0 0.176513671875 0.72265625 0.02978515625 0.037760416666666664
0 0.39501953125 0.23372395833333331 0.0244140625 0.03125
0 0.8212890625 0.35807291666666663 0.015625 0.0234375
0 0.956298828125 0.310546875 0.01318359375 0.022135416666666664
0 0.97509765625 0.314453125 0.0126953125 0.022135416666666664
0 0.9921875 0.31803385416666663 0.009765625 0.020182291666666664
0 0.9716796875 0.49088541666666663 0.013671875 0.0234375
0 0.99169921875 0.5009765625 0.009765625 0.022786458333333332
0 0.991943359375 0.8948567708333333 0.01220703125 0.027994791666666664
0 0.992431640625 0.9303385416666666 0.00927734375 0.022135416666666664
