0 0.005859375 0.4739583333333333 0.01171875 0.03645833333333333
0 0.3955078125 0.23404947916666666 0.0244140625 0.029296875
0 0.17626953125 0.7236328125 0.0302734375 0.03841145833333333
0 0.821044921875 0.35807291666666663 0.01513671875 0.024739583333333332
0 0.95703125 0.3098958333333333 0.0146484375 0.022135416666666664
0 0.9755859375 0.314453125 0.013671875 0.0234375
0 0.992919921875 0.3177083333333333 0.01220703125 0.020833333333333332
0 0.971923828125 0.49088541666666663 0.01416015625 0.0234375
0 0.99267578125 0.5003255208333333 0.013671875 0.024088541666666664
0 0.991943359375 0.8929036458333333 0.01318359375 0.025390625
0 0.9931640625 0.927734375 0.01171875 0.01953125
