0 0.01708984375 0.47135416666666663 0.0341796875 0.0390625
0 0.17724609375 0.7223307291666666 0.029296875 0.03841145833333333
0 0.3955078125 0.23404947916666666 0.0234375 0.029296875
0 0.820556640625 0.3583984375 0.01611328125 0.024088541666666664
0 0.95703125 0.3108723958333333 0.0126953125 0.021484375
0 0.975341796875 0.31412760416666663 0.01318359375 0.022786458333333332
0 0.991943359375 0.31803385416666663 0.01123046875 0.020182291666666664
0 0.97119140625 0.490234375 0.013671875 0.0234375
0 0.991943359375 0.49967447916666663 0.01220703125 0.024088541666666664
0 0.991943359375 0.8912760416666666 0.01220703125 0.026041666666666664
0 0.99365234375 0.9254557291666666 0.009765625 0.021484375
