0 0.022216796875 0.15494791666666666 0.03857421875 0.04296875
0 0.033447265625 0.09830729166666666 0.03662109375 0.04296875
0 0.082275390625 0.09309895833333333 0.03466796875 0.041666666666666664
0 0.128173828125 0.12272135416666666 0.03466796875 0.03841145833333333
0 0.168212890625 0.10904947916666666 0.03271484375 0.03841145833333333
0 0.212158203125 0.1240234375 0.02978515625 0.037109375
0 0.2509765625 0.14876302083333331 0.0283203125 0.037109375
0 0.0087890625 0.6764322916666666 0.017578125 0.0390625
0 0.01806640625 0.7740885416666666 0.0361328125 0.041666666666666664
0 0.01806640625 0.912109375 0.0361328125 0.041666666666666664
0 0.067138671875 0.9029947916666666 0.03662109375 0.04036458333333333
0 0.115234375 0.8932291666666666 0.0341796875 0.037760416666666664
0 0.111083984375 0.9635416666666666 0.03564453125 0.0390625
0 0.159912109375 0.8850911458333333 0.03271484375 0.03841145833333333
0 0.20263671875 0.8763020833333333 0.03125 0.03645833333333333
0 0.243896484375 0.8629557291666666 0.02978515625 0.035807291666666664
0 0.28466796875 0.8606770833333333 0.02734375 0.03645833333333333
0 0.366455078125 0.7913411458333333 0.02392578125 0.031901041666666664
0 0.549072265625 0.8082682291666666 0.01904296875 0.027994791666666664
0 0.69921875 0.2490234375 0.015625 0.025390625
0 0.708251953125 0.2884114583333333 0.01513671875 0.026041666666666664
0 0.74609375 0.30436197916666663 0.0126953125 0.025390625
0 0.799560546875 0.7679036458333333 0.01123046875 0.022786458333333332
0 0.833984375 0.7464192708333333 0.0107421875 0.022786458333333332
