0 0.395263671875 0.2333984375 0.02294921875 0.031901041666666664
0 0.04443359375 0.46875 0.0341796875 0.03645833333333333
0 0.177001953125 0.7223307291666666 0.03173828125 0.037109375
0 0.821044921875 0.35807291666666663 0.01513671875 0.026041666666666664
0 0.95654296875 0.31022135416666663 0.0126953125 0.024088541666666664
0 0.9755859375 0.3157552083333333 0.0146484375 0.026041666666666664
0 0.993408203125 0.31901041666666663 0.01220703125 0.022135416666666664
0 0.970947265625 0.4921875 0.01416015625 0.024739583333333332
0 0.9931640625 0.49967447916666663 0.0126953125 0.024088541666666664
0 0.99267578125 0.8912760416666666 0.013671875 0.02734375
0 0.99462890625 0.9251302083333333 0.009765625 0.022135416666666664
