0 0.07275390625 0.4651692708333333 0.033203125 0.037109375
0 0.17578125 0.72265625 0.03125 0.03645833333333333
0 0.395751953125 0.23372395833333331 0.02392578125 0.029947916666666664
0 0.821044921875 0.35807291666666663 0.01513671875 0.024739583333333332
0 0.955810546875 0.3098958333333333 0.01318359375 0.0234375
0 0.974853515625 0.3134765625 0.01416015625 0.025390625
0 0.99267578125 0.3186848958333333 0.0126953125 0.021484375
0 0.9716796875 0.4912109375 0.013671875 0.022786458333333332
0 0.992919921875 0.5003255208333333 0.01318359375 0.024088541666666664
0 0.991455078125 0.8919270833333333 0.01220703125 0.024739583333333332
0 0.994140625 0.9283854166666666 0.0107421875 0.026041666666666664
