0 0.176513671875 0.7223307291666666 0.03076171875 0.03841145833333333
0 0.09228515625 0.4638671875 0.033203125 0.035807291666666664
0 0.3955078125 0.23372395833333331 0.0234375 0.029947916666666664
0 0.82080078125 0.3577473958333333 0.015625 0.025390625
0 0.97119140625 0.4905598958333333 0.0126953125 0.024088541666666664
0 0.992431640625 0.5 0.01220703125 0.0234375
0 0.956298828125 0.3098958333333333 0.01318359375 0.022135416666666664
0 0.974853515625 0.3134765625 0.01416015625 0.022786458333333332
0 0.99267578125 0.31640625 0.01171875 0.022135416666666664
0 0.9921875 0.8942057291666666 0.0146484375 0.027994791666666664
0 0.994140625 0.9293619791666666 0.0107421875 0.025390625
