0 0.833984375 0.74609375 0.01171875 0.022135416666666664
0 0.798828125 0.767578125 0.0107421875 0.022135416666666664
0 0.699462890625 0.248046875 0.01416015625 0.026041666666666664
0 0.708251953125 0.28776041666666663 0.01513671875 0.026041666666666664
0 0.7451171875 0.3037109375 0.013671875 0.024088541666666664
0 0.548828125 0.8082682291666666 0.0185546875 0.027994791666666664
0 0.3662109375 0.791015625 0.0234375 0.03125
0 0.28466796875 0.861328125 0.0283203125 0.03515625
0 0.24365234375 0.8626302083333333 0.029296875 0.03645833333333333
0 0.202880859375 0.8766276041666666 0.03076171875 0.037109375
0 0.16015625 0.8850911458333333 0.033203125 0.03841145833333333
0 0.115478515625 0.8932291666666666 0.03466796875 0.037760416666666664
0 0.11083984375 0.9635416666666666 0.033203125 0.0390625
0 0.06689453125 0.9016927083333333 0.0361328125 0.0390625
0 0.017822265625 0.912109375 0.03564453125 0.04036458333333333
0 0.018310546875 0.7747395833333333 0.03662109375 0.04036458333333333
0 0.0087890625 0.6767578125 0.017578125 0.03841145833333333
0 0.250732421875 0.1484375 0.02880859375 0.03645833333333333
0 0.211669921875 0.12434895833333333 0.03076171875 0.03645833333333333
0 0.168212890625 0.10774739583333333 0.03173828125 0.03841145833333333
0 0.1279296875 0.12272135416666666 0.033203125 0.041015625
0 0.08154296875 0.09309895833333333 0.0361328125 0.041666666666666664
0 0.03271484375 0.09830729166666666 0.0380859375 0.04296875
0 0.022705078125 0.15494791666666666 0.03857421875 0.041666666666666664
