0 0.82080078125 0.35807291666666663 0.015625 0.026041666666666664
0 0.395263671875 0.23372395833333331 0.02294921875 0.029947916666666664
0 0.09912109375 0.462890625 0.033203125 0.03645833333333333
0 0.176513671875 0.72265625 0.03076171875 0.0390625
0 0.95654296875 0.3098958333333333 0.0126953125 0.0234375
0 0.97412109375 0.3134765625 0.013671875 0.024088541666666664
0 0.9716796875 0.49088541666666663 0.0146484375 0.0234375
0 0.9931640625 0.5006510416666666 0.0126953125 0.024739583333333332
0 0.9921875 0.31901041666666663 0.0107421875 0.0234375
0 0.992431640625 0.8938802083333333 0.01318359375 0.02734375
0 0.994140625 0.9309895833333333 0.0107421875 0.02734375
