0 0.17626953125 0.72265625 0.0322265625 0.037760416666666664
0 0.13134765625 0.4593098958333333 0.03125 0.037109375
0 0.396240234375 0.234375 0.02587890625 0.029947916666666664
0 0.8212890625 0.3567708333333333 0.0146484375 0.026041666666666664
0 0.957275390625 0.3095703125 0.01123046875 0.021484375
0 0.974853515625 0.31315104166666663 0.01123046875 0.0234375
0 0.9921875 0.31640625 0.0107421875 0.024739583333333332
0 0.971435546875 0.48990885416666663 0.01318359375 0.022786458333333332
0 0.99267578125 0.49967447916666663 0.01171875 0.026692708333333332
0 0.991943359375 0.8942057291666666 0.01513671875 0.027994791666666664
0 0.994140625 0.9309895833333333 0.0107421875 0.0234375
