0 0.137451171875 0.45963541666666663 0.03173828125 0.033854166666666664
0 0.17529296875 0.72265625 0.03125 0.0390625
0 0.821533203125 0.3583984375 0.01513671875 0.025390625
0 0.395751953125 0.234375 0.02392578125 0.03125
0 0.971923828125 0.4905598958333333 0.01318359375 0.024088541666666664
0 0.992919921875 0.5 0.01220703125 0.0234375
0 0.95703125 0.31022135416666663 0.0126953125 0.024088541666666664
0 0.97509765625 0.3138020833333333 0.013671875 0.022135416666666664
0 0.992431640625 0.318359375 0.01220703125 0.024739583333333332
0 0.992431640625 0.89453125 0.01318359375 0.02734375
0 0.994140625 0.9309895833333333 0.0107421875 0.02734375
