0 0.14501953125 0.4573567708333333 0.0302734375 0.03450520833333333
0 0.39599609375 0.23502604166666666 0.0234375 0.033854166666666664
0 0.176025390625 0.72265625 0.03173828125 0.0390625
0 0.82177734375 0.35709635416666663 0.01171875 0.024088541666666664
0 0.95556640625 0.31022135416666663 0.0107421875 0.022786458333333332
0 0.974853515625 0.31315104166666663 0.01220703125 0.024739583333333332
0 0.9921875 0.31640625 0.01171875 0.024739583333333332
0 0.969482421875 0.490234375 0.01220703125 0.024739583333333332
0 0.993896484375 0.49967447916666663 0.01025390625 0.021484375
0 0.992431640625 0.8951822916666666 0.01416015625 0.02734375
0 0.994384765625 0.9303385416666666 0.01025390625 0.026041666666666664
