0 0.17626953125 0.7229817708333333 0.0302734375 0.037109375
0 0.163330078125 0.4560546875 0.03076171875 0.035807291666666664
0 0.39599609375 0.2333984375 0.0244140625 0.030598958333333332
0 0.82177734375 0.35709635416666663 0.015625 0.025390625
0 0.956298828125 0.3095703125 0.01220703125 0.022786458333333332
0 0.974853515625 0.314453125 0.01318359375 0.022135416666666664
0 0.9921875 0.3177083333333333 0.0107421875 0.022135416666666664
0 0.99267578125 0.5006510416666666 0.0126953125 0.024739583333333332
0 0.97119140625 0.4912109375 0.013671875 0.024088541666666664
0 0.992431640625 0.89453125 0.01416015625 0.029947916666666664
