0 0.176025390625 0.7233072916666666 0.03076171875 0.037760416666666664
0 0.175048828125 0.4544270833333333 0.03076171875 0.03515625
0 0.395751953125 0.23404947916666666 0.02392578125 0.030598958333333332
0 0.8212890625 0.3587239583333333 0.015625 0.026041666666666664
0 0.956298828125 0.310546875 0.01416015625 0.024739583333333332
0 0.974853515625 0.31510416666666663 0.01318359375 0.0234375
0 0.9931640625 0.3177083333333333 0.0126953125 0.0234375
0 0.97119140625 0.49088541666666663 0.013671875 0.0234375
0 0.99267578125 0.5013020833333333 0.0126953125 0.024739583333333332
0 0.9921875 0.8942057291666666 0.0146484375 0.029296875
0 0.994384765625 0.9306640625 0.01025390625 0.024088541666666664
