0 0.956298828125 0.3095703125 0.01318359375 0.022786458333333332
0 0.974853515625 0.31412760416666663 0.01318359375 0.024088541666666664
0 0.99169921875 0.31901041666666663 0.0126953125 0.0234375
0 0.9716796875 0.4912109375 0.0146484375 0.025390625
0 0.99267578125 0.5006510416666666 0.0126953125 0.024739583333333332
0 0.821044921875 0.35807291666666663 0.01611328125 0.026041666666666664
0 0.39599609375 0.234375 0.025390625 0.029947916666666664
0 0.19921875 0.4521484375 0.029296875 0.03450520833333333
0 0.176025390625 0.7233072916666666 0.03173828125 0.0390625
0 0.9921875 0.8958333333333333 0.013671875 0.02734375
0 0.994140625 0.9309895833333333 0.0107421875 0.026041666666666664
