0 0.01025390625 0.20930989583333331 0.013671875 0.026692708333333332
0 0.028076171875 0.20670572916666666 0.01416015625 0.027994791666666664
0 0.04736328125 0.21028645833333331 0.0166015625 0.024739583333333332
0 0.02783203125 0.7932942708333333 0.013671875 0.025390625
0 0.009521484375 0.7434895833333333 0.01220703125 0.024739583333333332
0 0.026123046875 0.7470703125 0.01318359375 0.025390625
0 0.043701171875 0.751953125 0.01318359375 0.026041666666666664
0 0.061767578125 0.7552083333333333 0.01416015625 0.026041666666666664
0 0.080078125 0.7545572916666666 0.0146484375 0.026041666666666664
0 0.101318359375 0.7626953125 0.01416015625 0.025390625
0 0.14501953125 0.7255859375 0.015625 0.026692708333333332
0 0.295166015625 0.7975260416666666 0.02001953125 0.029947916666666664
0 0.44970703125 0.06901041666666666 0.0244140625 0.037760416666666664
0 0.46875 0.11946614583333333 0.0263671875 0.03841145833333333
0 0.541015625 0.11100260416666666 0.02734375 0.039713541666666664
0 0.712646484375 0.8916015625 0.03369140625 0.041015625
0 0.814697265625 0.884765625 0.03857421875 0.04427083333333333
