0 0.176025390625 0.7233072916666666 0.03076171875 0.037760416666666664
0 0.23291015625 0.44791666666666663 0.029296875 0.03515625
0 0.395751953125 0.23404947916666666 0.02392578125 0.030598958333333332
0 0.8212890625 0.3587239583333333 0.015625 0.026041666666666664
0 0.956298828125 0.310546875 0.01416015625 0.024739583333333332
0 0.974853515625 0.31510416666666663 0.01318359375 0.0234375
0 0.9931640625 0.3177083333333333 0.0126953125 0.0234375
0 0.97119140625 0.49088541666666663 0.013671875 0.0234375
0 0.99267578125 0.5013020833333333 0.0126953125 0.024739583333333332
0 0.991455078125 0.8948567708333333 0.01220703125 0.027994791666666664
0 0.993408203125 0.9319661458333333 0.00927734375 0.026692708333333332
