0 0.95654296875 0.31022135416666663 0.0126953125 0.020182291666666664
0 0.97509765625 0.3134765625 0.013671875 0.021484375
0 0.9921875 0.31803385416666663 0.0087890625 0.020182291666666664
0 0.821533203125 0.3587239583333333 0.01513671875 0.026041666666666664
0 0.971435546875 0.4905598958333333 0.01416015625 0.022786458333333332
0 0.992919921875 0.5006510416666666 0.01318359375 0.0234375
0 0.99169921875 0.8942057291666666 0.013671875 0.026692708333333332
0 0.176513671875 0.7223307291666666 0.03076171875 0.037109375
0 0.2607421875 0.4453125 0.02734375 0.033854166666666664
0 0.39501953125 0.23404947916666666 0.0234375 0.029296875
