0 0.176513671875 0.7233072916666666 0.03271484375 0.03645833333333333
0 0.27197265625 0.44401041666666663 0.0263671875 0.033854166666666664
0 0.395751953125 0.232421875 0.02392578125 0.03255208333333333
0 0.822021484375 0.3583984375 0.01513671875 0.025390625
0 0.957275390625 0.31022135416666663 0.01220703125 0.020182291666666664
0 0.97216796875 0.4895833333333333 0.0126953125 0.0234375
0 0.99267578125 0.5003255208333333 0.0126953125 0.025390625
0 0.97509765625 0.31510416666666663 0.0126953125 0.01953125
0 0.9912109375 0.3177083333333333 0.0107421875 0.020833333333333332
0 0.9921875 0.8955078125 0.0107421875 0.022786458333333332
