0 0.009521484375 0.6764322916666666 0.01904296875 0.04427083333333333
0 0.018798828125 0.7747395833333333 0.03759765625 0.04296875
0 0.0185546875 0.9124348958333333 0.037109375 0.043619791666666664
0 0.066650390625 0.9026692708333333 0.03759765625 0.041015625
0 0.115234375 0.8929036458333333 0.03515625 0.039713541666666664
0 0.16015625 0.8844401041666666 0.0322265625 0.03841145833333333
0 0.202392578125 0.876953125 0.03076171875 0.0390625
0 0.2431640625 0.8629557291666666 0.029296875 0.03841145833333333
0 0.284423828125 0.8600260416666666 0.02783203125 0.03645833333333333
0 0.110107421875 0.9632161458333333 0.03466796875 0.039713541666666664
0 0.365966796875 0.791015625 0.02392578125 0.03255208333333333
0 0.548583984375 0.8079427083333333 0.02197265625 0.029947916666666664
0 0.798828125 0.7679036458333333 0.0107421875 0.024088541666666664
0 0.833740234375 0.7457682291666666 0.01025390625 0.021484375
0 0.699462890625 0.24772135416666666 0.01416015625 0.026692708333333332
0 0.70849609375 0.2884114583333333 0.0146484375 0.026041666666666664
0 0.745361328125 0.3046875 0.01416015625 0.024739583333333332
0 0.022705078125 0.15592447916666666 0.03857421875 0.044921875
0 0.03271484375 0.09733072916666666 0.0380859375 0.043619791666666664
0 0.082275390625 0.0927734375 0.03564453125 0.043619791666666664
0 0.128173828125 0.12369791666666666 0.03466796875 0.041666666666666664
0 0.16796875 0.1083984375 0.033203125 0.04231770833333333
0 0.2119140625 0.12369791666666666 0.0302734375 0.04036458333333333
0 0.25146484375 0.1484375 0.0302734375 0.037760416666666664
