0 0.17529296875 0.7236328125 0.0283203125 0.035807291666666664
0 0.277099609375 0.4436848958333333 0.02783203125 0.03450520833333333
0 0.3955078125 0.23372395833333331 0.0234375 0.029947916666666664
0 0.822021484375 0.3583984375 0.01513671875 0.026692708333333332
0 0.97119140625 0.490234375 0.013671875 0.0234375
0 0.992431640625 0.5016276041666666 0.01416015625 0.022786458333333332
0 0.992919921875 0.8909505208333333 0.01318359375 0.025390625
0 0.993408203125 0.9300130208333333 0.01220703125 0.021484375
0 0.9560546875 0.31022135416666663 0.013671875 0.022786458333333332
0 0.974609375 0.3134765625 0.013671875 0.022786458333333332
0 0.99169921875 0.318359375 0.0107421875 0.022135416666666664
