0 0.3955078125 0.23470052083333331 0.0244140625 0.031901041666666664
0 0.312744140625 0.4397786458333333 0.02685546875 0.033203125
0 0.176513671875 0.7233072916666666 0.03076171875 0.037760416666666664
0 0.821044921875 0.3583984375 0.01513671875 0.025390625
0 0.956787109375 0.310546875 0.01318359375 0.022135416666666664
0 0.9755859375 0.314453125 0.013671875 0.022135416666666664
0 0.99169921875 0.31803385416666663 0.009765625 0.020182291666666664
0 0.970947265625 0.49088541666666663 0.01318359375 0.022135416666666664
0 0.99169921875 0.5006510416666666 0.01171875 0.024739583333333332
0 0.991455078125 0.8948567708333333 0.01123046875 0.025390625
0 0.993408203125 0.9303385416666666 0.00732421875 0.0234375
