0 0.176513671875 0.7223307291666666 0.02978515625 0.03841145833333333
0 0.322509765625 0.4384765625 0.02587890625 0.033203125
0 0.395751953125 0.23307291666666666 0.02392578125 0.029947916666666664
0 0.819580078125 0.35546875 0.01513671875 0.02734375
0 0.991943359375 0.8935546875 0.01513671875 0.027994791666666664
0 0.993896484375 0.9319661458333333 0.01123046875 0.026692708333333332
0 0.97119140625 0.49088541666666663 0.013671875 0.024739583333333332
0 0.99267578125 0.5003255208333333 0.013671875 0.025390625
0 0.955810546875 0.3098958333333333 0.01318359375 0.0234375
0 0.97509765625 0.31412760416666663 0.013671875 0.024088541666666664
0 0.992431640625 0.318359375 0.01220703125 0.0234375
