0 0.934814453125 0.927734375 0.00927734375 0.0234375
0 0.581298828125 0.265625 0.01708984375 0.02734375
0 0.43701171875 0.537109375 0.0234375 0.03255208333333333
0 0.351318359375 0.544921875 0.02587890625 0.03125
0 0.217529296875 0.3466796875 0.03076171875 0.035807291666666664
0 0.19677734375 0.5546875 0.03125 0.03645833333333333
0 0.29150390625 0.17708333333333331 0.02734375 0.033854166666666664
0 0.010986328125 0.7796223958333333 0.02197265625 0.043619791666666664
0 0.07666015625 0.7177734375 0.037109375 0.039713541666666664
0 0.058837890625 0.669921875 0.03662109375 0.04036458333333333
0 0.01513671875 0.65234375 0.0302734375 0.04296875
0 0.025390625 0.29752604166666663 0.0244140625 0.04296875
