0 0.814208984375 0.884765625 0.03759765625 0.04296875
0 0.71240234375 0.8912760416666666 0.03125 0.04036458333333333
0 0.5400390625 0.109375 0.02734375 0.0390625
0 0.46826171875 0.11946614583333333 0.0263671875 0.03841145833333333
0 0.44873046875 0.06868489583333333 0.025390625 0.039713541666666664
0 0.294921875 0.7975260416666666 0.01953125 0.03125
0 0.14501953125 0.7255859375 0.015625 0.027994791666666664
0 0.100341796875 0.7623697916666666 0.01513671875 0.028645833333333332
0 0.079833984375 0.75390625 0.01416015625 0.02734375
0 0.06103515625 0.7548828125 0.0126953125 0.026692708333333332
0 0.043212890625 0.7509765625 0.01318359375 0.025390625
0 0.025390625 0.7470703125 0.0126953125 0.025390625
0 0.027587890625 0.7923177083333333 0.01318359375 0.024739583333333332
0 0.0087890625 0.7431640625 0.0126953125 0.025390625
0 0.046142578125 0.2109375 0.01513671875 0.026041666666666664
0 0.009765625 0.20930989583333331 0.0126953125 0.025390625
0 0.027587890625 0.20540364583333331 0.01416015625 0.027994791666666664
