0 0.018310546875 0.9117838541666666 0.03662109375 0.041015625
0 0.067138671875 0.90234375 0.03662109375 0.04036458333333333
0 0.115234375 0.8935546875 0.03515625 0.03841145833333333
0 0.111083984375 0.9635416666666666 0.03466796875 0.0390625
0 0.16015625 0.884765625 0.0322265625 0.037760416666666664
0 0.203125 0.8772786458333333 0.03125 0.037109375
0 0.24365234375 0.8626302083333333 0.029296875 0.03515625
0 0.284423828125 0.8606770833333333 0.02783203125 0.03515625
0 0.693603515625 0.400390625 0.01513671875 0.02734375
0 0.635009765625 0.5074869791666666 0.01708984375 0.029296875
0 0.605712890625 0.7001953125 0.01708984375 0.027994791666666664
0 0.901611328125 0.4241536458333333 0.01025390625 0.020182291666666664
0 0.798828125 0.767578125 0.01171875 0.022135416666666664
0 0.89794921875 0.69140625 0.0107421875 0.022135416666666664
0 0.916259765625 0.732421875 0.00927734375 0.020833333333333332
0 0.2509765625 0.14876302083333331 0.0283203125 0.035807291666666664
0 0.211669921875 0.12272135416666666 0.02880859375 0.03841145833333333
0 0.16845703125 0.10774739583333333 0.0322265625 0.03841145833333333
0 0.128173828125 0.1220703125 0.03369140625 0.03841145833333333
0 0.081787109375 0.09309895833333333 0.03564453125 0.041666666666666664
0 0.032958984375 0.09765625 0.03759765625 0.041666666666666664
0 0.0224609375 0.15462239583333331 0.037109375 0.041015625
