0 0.028564453125 0.79296875 0.01318359375 0.024739583333333332
0 0.009521484375 0.7434895833333333 0.01318359375 0.026041666666666664
0 0.02587890625 0.7473958333333333 0.013671875 0.024739583333333332
0 0.043701171875 0.7516276041666666 0.01416015625 0.025390625
0 0.061767578125 0.7555338541666666 0.01416015625 0.026692708333333332
0 0.079833984375 0.7545572916666666 0.01513671875 0.026041666666666664
0 0.100830078125 0.7630208333333333 0.01416015625 0.02734375
0 0.145751953125 0.7242838541666666 0.01513671875 0.027994791666666664
0 0.04736328125 0.2119140625 0.015625 0.026692708333333332
0 0.028564453125 0.20703125 0.01513671875 0.024739583333333332
0 0.010986328125 0.20930989583333331 0.01416015625 0.027994791666666664
0 0.294921875 0.7978515625 0.01953125 0.030598958333333332
0 0.45068359375 0.06966145833333333 0.021484375 0.0390625
0 0.468505859375 0.119140625 0.02587890625 0.037760416666666664
0 0.540283203125 0.1103515625 0.02783203125 0.039713541666666664
0 0.71240234375 0.8919270833333333 0.033203125 0.0390625
0 0.814697265625 0.884765625 0.03857421875 0.04296875
