0 0.833984375 0.7454427083333333 0.009765625 0.022135416666666664
0 0.798583984375 0.7672526041666666 0.01123046875 0.022786458333333332
0 0.548828125 0.8076171875 0.0185546875 0.029296875
0 0.36572265625 0.7906901041666666 0.0234375 0.033203125
0 0.284423828125 0.8600260416666666 0.02685546875 0.03515625
0 0.2431640625 0.8619791666666666 0.029296875 0.03645833333333333
0 0.203125 0.8759765625 0.03125 0.037109375
0 0.15966796875 0.8841145833333333 0.0322265625 0.037760416666666664
0 0.114990234375 0.892578125 0.03369140625 0.037760416666666664
0 0.11083984375 0.9638671875 0.03515625 0.039713541666666664
0 0.067138671875 0.90234375 0.03564453125 0.04036458333333333
0 0.017578125 0.9127604166666666 0.03515625 0.04036458333333333
0 0.017822265625 0.7740885416666666 0.03564453125 0.04036458333333333
0 0.009033203125 0.67578125 0.01806640625 0.041666666666666664
0 0.69921875 0.24739583333333331 0.015625 0.024739583333333332
0 0.7060546875 0.2958984375 0.0146484375 0.027994791666666664
0 0.745361328125 0.3037109375 0.01318359375 0.026692708333333332
0 0.251708984375 0.14811197916666666 0.02880859375 0.03841145833333333
0 0.211669921875 0.1240234375 0.02880859375 0.037109375
0 0.16845703125 0.1083984375 0.0322265625 0.03841145833333333
0 0.127685546875 0.12174479166666666 0.03271484375 0.0390625
0 0.08154296875 0.09342447916666666 0.0341796875 0.039713541666666664
0 0.033203125 0.09830729166666666 0.0380859375 0.04296875
0 0.023193359375 0.15462239583333331 0.03857421875 0.04231770833333333
