0 0.814697265625 0.8841145833333333 0.03759765625 0.04427083333333333
0 0.712646484375 0.8912760416666666 0.03271484375 0.04036458333333333
0 0.5400390625 0.109375 0.029296875 0.041666666666666664
0 0.455322265625 0.17154947916666666 0.02587890625 0.03841145833333333
0 0.04736328125 0.21028645833333331 0.0146484375 0.028645833333333332
0 0.02880859375 0.205078125 0.013671875 0.02734375
0 0.01123046875 0.208984375 0.0126953125 0.02734375
0 0.294921875 0.7972005208333333 0.01953125 0.030598958333333332
0 0.145263671875 0.7242838541666666 0.01611328125 0.027994791666666664
0 0.100830078125 0.7630208333333333 0.01513671875 0.02734375
0 0.07958984375 0.7545572916666666 0.0146484375 0.026041666666666664
0 0.027587890625 0.79296875 0.01318359375 0.026041666666666664
0 0.061279296875 0.7545572916666666 0.01318359375 0.02734375
0 0.043212890625 0.7516276041666666 0.01318359375 0.025390625
0 0.02587890625 0.7470703125 0.0126953125 0.025390625
0 0.009033203125 0.7434895833333333 0.01318359375 0.026041666666666664
