0 0.176513671875 0.7223307291666666 0.02880859375 0.037109375
0 0.3955078125 0.2333984375 0.0244140625 0.030598958333333332
0 0.47998046875 0.421875 0.0234375 0.03125
0 0.8212890625 0.35709635416666663 0.0146484375 0.026692708333333332
0 0.956298828125 0.310546875 0.01318359375 0.0234375
0 0.9755859375 0.314453125 0.01171875 0.022135416666666664
0 0.990966796875 0.318359375 0.00927734375 0.022135416666666664
0 0.971435546875 0.49088541666666663 0.01416015625 0.024739583333333332
0 0.9921875 0.5013020833333333 0.01171875 0.024739583333333332
0 0.991943359375 0.8948567708333333 0.01220703125 0.029296875
0 0.993896484375 0.9296875 0.01025390625 0.024739583333333332
