0 0.023681640625 0.15462239583333331 0.03857421875 0.04231770833333333
0 0.032958984375 0.09928385416666666 0.03759765625 0.043619791666666664
0 0.082763671875 0.09407552083333333 0.03466796875 0.04231770833333333
0 0.128173828125 0.12272135416666666 0.03564453125 0.039713541666666664
0 0.168212890625 0.107421875 0.03271484375 0.04036458333333333
0 0.2119140625 0.12434895833333333 0.0302734375 0.037760416666666664
0 0.251220703125 0.14811197916666666 0.02978515625 0.035807291666666664
0 0.009765625 0.6744791666666666 0.01953125 0.0390625
0 0.01806640625 0.7744140625 0.0361328125 0.039713541666666664
0 0.017822265625 0.9124348958333333 0.03564453125 0.039713541666666664
0 0.067626953125 0.9013671875 0.03662109375 0.03841145833333333
0 0.114990234375 0.8929036458333333 0.03466796875 0.03841145833333333
0 0.160400390625 0.8854166666666666 0.03271484375 0.0390625
0 0.20263671875 0.8766276041666666 0.0322265625 0.03450520833333333
0 0.24365234375 0.8626302083333333 0.029296875 0.03515625
0 0.2841796875 0.8610026041666666 0.02734375 0.03450520833333333
0 0.365234375 0.7906901041666666 0.025390625 0.03450520833333333
0 0.111083984375 0.9635416666666666 0.03466796875 0.037760416666666664
0 0.549072265625 0.8079427083333333 0.01904296875 0.02734375
0 0.698974609375 0.248046875 0.01513671875 0.026041666666666664
0 0.745361328125 0.3037109375 0.01318359375 0.025390625
0 0.729736328125 0.45768229166666663 0.01416015625 0.024739583333333332
0 0.79931640625 0.767578125 0.01171875 0.022135416666666664
0 0.834228515625 0.7464192708333333 0.01123046875 0.021484375
