0 0.834228515625 0.7457682291666666 0.01123046875 0.022786458333333332
0 0.798583984375 0.767578125 0.01123046875 0.022135416666666664
0 0.734375 0.47721354166666663 0.013671875 0.024739583333333332
0 0.74560546875 0.30338541666666663 0.0126953125 0.028645833333333332
0 0.698486328125 0.2490234375 0.01513671875 0.026692708333333332
0 0.548828125 0.80859375 0.0185546875 0.028645833333333332
0 0.36572265625 0.7903645833333333 0.0234375 0.03255208333333333
0 0.284423828125 0.8610026041666666 0.02783203125 0.035807291666666664
0 0.243408203125 0.8629557291666666 0.02880859375 0.035807291666666664
0 0.203125 0.876953125 0.03125 0.037760416666666664
0 0.16015625 0.8850911458333333 0.0322265625 0.037109375
0 0.115234375 0.8935546875 0.0341796875 0.03841145833333333
0 0.110595703125 0.9632161458333333 0.03369140625 0.039713541666666664
0 0.06689453125 0.9016927083333333 0.0361328125 0.0390625
0 0.017578125 0.9117838541666666 0.03515625 0.039713541666666664
0 0.01806640625 0.7747395833333333 0.0361328125 0.04036458333333333
0 0.00927734375 0.6767578125 0.0185546875 0.04231770833333333
0 0.251220703125 0.1484375 0.02880859375 0.037760416666666664
0 0.211669921875 0.1240234375 0.03076171875 0.037109375
0 0.16796875 0.10807291666666666 0.0322265625 0.0390625
0 0.128173828125 0.12239583333333333 0.03564453125 0.0390625
0 0.08203125 0.09342447916666666 0.0341796875 0.04231770833333333
0 0.033203125 0.09733072916666666 0.0390625 0.04231770833333333
0 0.02294921875 0.15397135416666666 0.037109375 0.041015625
