0 0.53466796875 0.3919270833333333 0.029296875 0.04036458333333333
0 0.814697265625 0.8850911458333333 0.03759765625 0.043619791666666664
0 0.71240234375 0.8916015625 0.033203125 0.041015625
0 0.294677734375 0.7981770833333333 0.02001953125 0.03125
0 0.14501953125 0.7249348958333333 0.0146484375 0.027994791666666664
0 0.100341796875 0.7630208333333333 0.01416015625 0.026041666666666664
0 0.079833984375 0.7555338541666666 0.01416015625 0.026692708333333332
0 0.0283203125 0.7926432291666666 0.0126953125 0.025390625
0 0.061279296875 0.7545572916666666 0.01416015625 0.02734375
0 0.043701171875 0.7513020833333333 0.01318359375 0.026041666666666664
0 0.02587890625 0.7470703125 0.0126953125 0.025390625
0 0.009521484375 0.7438151041666666 0.01220703125 0.025390625
0 0.541259765625 0.10970052083333333 0.02783203125 0.041015625
0 0.44873046875 0.0693359375 0.0244140625 0.037109375
0 0.046630859375 0.2109375 0.01416015625 0.026041666666666664
0 0.028564453125 0.20638020833333331 0.01513671875 0.026041666666666664
0 0.010498046875 0.20963541666666666 0.01416015625 0.026041666666666664
