0 0.02294921875 0.15494791666666666 0.0390625 0.04296875
0 0.033203125 0.0986328125 0.0390625 0.043619791666666664
0 0.081787109375 0.09407552083333333 0.03466796875 0.039713541666666664
0 0.12841796875 0.1240234375 0.0341796875 0.041015625
0 0.168212890625 0.109375 0.03173828125 0.04036458333333333
0 0.2119140625 0.125 0.0302734375 0.037760416666666664
0 0.251953125 0.1494140625 0.029296875 0.037109375
0 0.00927734375 0.6751302083333333 0.0185546875 0.04036458333333333
0 0.01806640625 0.7744140625 0.03515625 0.041015625
0 0.017822265625 0.9117838541666666 0.03564453125 0.041015625
0 0.067138671875 0.9020182291666666 0.03564453125 0.039713541666666664
0 0.11083984375 0.9638671875 0.0341796875 0.039713541666666664
0 0.114990234375 0.8932291666666666 0.03369140625 0.0390625
0 0.160400390625 0.8850911458333333 0.03271484375 0.03841145833333333
0 0.203125 0.876953125 0.03125 0.03645833333333333
0 0.24365234375 0.8629557291666666 0.029296875 0.037109375
0 0.28466796875 0.861328125 0.0283203125 0.03645833333333333
0 0.3662109375 0.7906901041666666 0.0234375 0.033203125
0 0.549072265625 0.8082682291666666 0.02001953125 0.027994791666666664
0 0.699462890625 0.24869791666666666 0.01416015625 0.02734375
0 0.745849609375 0.3046875 0.01416015625 0.026041666666666664
0 0.738525390625 0.494140625 0.01318359375 0.024739583333333332
0 0.799560546875 0.767578125 0.01123046875 0.022135416666666664
0 0.83447265625 0.7464192708333333 0.01171875 0.022786458333333332
