0 0.010498046875 0.208984375 0.00927734375 0.024739583333333332
0 0.02685546875 0.2080078125 0.013671875 0.025390625
0 0.04638671875 0.208984375 0.0146484375 0.0234375
0 0.009521484375 0.7431640625 0.01123046875 0.022786458333333332
0 0.026123046875 0.748046875 0.01220703125 0.024739583333333332
0 0.043212890625 0.7509765625 0.01318359375 0.025390625
0 0.060791015625 0.7555338541666666 0.01416015625 0.026692708333333332
0 0.07958984375 0.7545572916666666 0.0146484375 0.026041666666666664
0 0.1005859375 0.763671875 0.0146484375 0.026041666666666664
0 0.027587890625 0.7926432291666666 0.01220703125 0.025390625
0 0.144775390625 0.7255859375 0.01416015625 0.026692708333333332
0 0.294921875 0.7972005208333333 0.01953125 0.031901041666666664
0 0.447998046875 0.06575520833333333 0.02685546875 0.03515625
0 0.541259765625 0.10872395833333333 0.02783203125 0.0390625
0 0.5439453125 0.41861979166666663 0.029296875 0.04036458333333333
0 0.71484375 0.8932291666666666 0.033203125 0.04036458333333333
0 0.814208984375 0.8850911458333333 0.03857421875 0.044921875
