0 0.814453125 0.884765625 0.037109375 0.04296875
0 0.712646484375 0.8916015625 0.03271484375 0.039713541666666664
0 0.550537109375 0.4368489583333333 0.02880859375 0.0390625
0 0.57177734375 0.11067708333333333 0.0302734375 0.041666666666666664
0 0.448486328125 0.06901041666666666 0.02392578125 0.0390625
0 0.29443359375 0.7965494791666666 0.01953125 0.030598958333333332
0 0.14501953125 0.7242838541666666 0.015625 0.029296875
0 0.100341796875 0.7623697916666666 0.01416015625 0.02734375
0 0.079345703125 0.7542317708333333 0.01318359375 0.027994791666666664
0 0.06103515625 0.7548828125 0.013671875 0.027994791666666664
0 0.02734375 0.7919921875 0.013671875 0.026692708333333332
0 0.04296875 0.7503255208333333 0.013671875 0.026692708333333332
0 0.00927734375 0.7428385416666666 0.0126953125 0.026041666666666664
0 0.025390625 0.7467447916666666 0.0126953125 0.024739583333333332
0 0.00927734375 0.20930989583333331 0.0126953125 0.026692708333333332
0 0.02685546875 0.20638020833333331 0.0126953125 0.02734375
0 0.046875 0.21061197916666666 0.0146484375 0.027994791666666664
