0 0.017822265625 0.912109375 0.03564453125 0.04036458333333333
0 0.06689453125 0.9020182291666666 0.03515625 0.041015625
0 0.114990234375 0.8932291666666666 0.03466796875 0.0390625
0 0.018310546875 0.7747395833333333 0.03662109375 0.04036458333333333
0 0.11083984375 0.9632161458333333 0.03515625 0.039713541666666664
0 0.160400390625 0.884765625 0.03271484375 0.03645833333333333
0 0.202880859375 0.8766276041666666 0.03173828125 0.035807291666666664
0 0.24365234375 0.8623046875 0.029296875 0.035807291666666664
0 0.284423828125 0.8606770833333333 0.02783203125 0.033854166666666664
0 0.36572265625 0.7906901041666666 0.0244140625 0.031901041666666664
0 0.009521484375 0.6751302083333333 0.01904296875 0.037760416666666664
0 0.022216796875 0.154296875 0.03955078125 0.04296875
0 0.032958984375 0.09830729166666666 0.03857421875 0.041666666666666664
0 0.081787109375 0.09309895833333333 0.03564453125 0.04036458333333333
0 0.127685546875 0.12239583333333333 0.03466796875 0.0390625
0 0.16796875 0.10774739583333333 0.03125 0.03841145833333333
0 0.21142578125 0.1240234375 0.0302734375 0.037109375
0 0.25146484375 0.14811197916666666 0.0302734375 0.037109375
0 0.548828125 0.8079427083333333 0.01953125 0.028645833333333332
0 0.799072265625 0.767578125 0.01220703125 0.0234375
0 0.833984375 0.7454427083333333 0.01171875 0.022135416666666664
0 0.742431640625 0.5172526041666666 0.01318359375 0.025390625
0 0.698974609375 0.24869791666666666 0.01416015625 0.02734375
0 0.783935546875 0.3271484375 0.01220703125 0.024088541666666664
