0 0.81494140625 0.884765625 0.037109375 0.04296875
0 0.71240234375 0.8916015625 0.0322265625 0.041015625
0 0.555419921875 0.4521484375 0.02880859375 0.03841145833333333
0 0.62939453125 0.11197916666666666 0.03125 0.041666666666666664
0 0.448974609375 0.068359375 0.02490234375 0.0390625
0 0.294921875 0.7978515625 0.01953125 0.031901041666666664
0 0.145263671875 0.724609375 0.01513671875 0.02734375
0 0.027587890625 0.7926432291666666 0.01220703125 0.025390625
0 0.100341796875 0.7630208333333333 0.01416015625 0.02734375
0 0.07958984375 0.7545572916666666 0.0126953125 0.026041666666666664
0 0.061279296875 0.7548828125 0.01318359375 0.026692708333333332
0 0.043212890625 0.7509765625 0.01416015625 0.026692708333333332
0 0.02587890625 0.748046875 0.0126953125 0.024739583333333332
0 0.009033203125 0.7434895833333333 0.01318359375 0.024739583333333332
0 0.0458984375 0.2109375 0.0146484375 0.02734375
0 0.027587890625 0.20572916666666666 0.01416015625 0.02734375
0 0.010498046875 0.208984375 0.01318359375 0.02734375
