0 0.009033203125 0.6754557291666666 0.01806640625 0.044921875
0 0.01806640625 0.7747395833333333 0.0361328125 0.041666666666666664
0 0.018310546875 0.9124348958333333 0.03564453125 0.041015625
0 0.067138671875 0.9020182291666666 0.03759765625 0.04231770833333333
0 0.115478515625 0.8932291666666666 0.03564453125 0.0390625
0 0.110595703125 0.9635416666666666 0.03564453125 0.04036458333333333
0 0.160400390625 0.884765625 0.03271484375 0.0390625
0 0.202880859375 0.8763020833333333 0.03173828125 0.037760416666666664
0 0.2431640625 0.8626302083333333 0.029296875 0.03645833333333333
0 0.284423828125 0.8606770833333333 0.02783203125 0.03515625
0 0.3662109375 0.7900390625 0.0224609375 0.031901041666666664
0 0.548828125 0.8082682291666666 0.0185546875 0.030598958333333332
0 0.799072265625 0.7679036458333333 0.01025390625 0.022786458333333332
0 0.834228515625 0.7454427083333333 0.01025390625 0.022135416666666664
0 0.699462890625 0.24869791666666666 0.01513671875 0.02734375
0 0.022216796875 0.15494791666666666 0.03857421875 0.04427083333333333
0 0.0341796875 0.09765625 0.0380859375 0.045572916666666664
0 0.08154296875 0.09244791666666666 0.0361328125 0.041666666666666664
0 0.127685546875 0.12272135416666666 0.03466796875 0.041015625
0 0.169189453125 0.10872395833333333 0.03173828125 0.041666666666666664
0 0.212646484375 0.1240234375 0.03076171875 0.041015625
0 0.25146484375 0.14778645833333331 0.029296875 0.037760416666666664
0 0.7431640625 0.5244140625 0.013671875 0.024088541666666664
0 0.800537109375 0.33463541666666663 0.01220703125 0.024739583333333332
