0 0.017578125 0.9127604166666666 0.03515625 0.041666666666666664
0 0.067626953125 0.9026692708333333 0.03662109375 0.041015625
0 0.11474609375 0.8935546875 0.0341796875 0.041015625
0 0.160400390625 0.884765625 0.03369140625 0.0390625
0 0.202880859375 0.8776041666666666 0.03173828125 0.037760416666666664
0 0.244140625 0.8636067708333333 0.0302734375 0.037109375
0 0.284912109375 0.8600260416666666 0.02783203125 0.03515625
0 0.11083984375 0.9635416666666666 0.0341796875 0.0390625
0 0.599609375 0.4807942708333333 0.0185546875 0.029296875
0 0.635986328125 0.5091145833333333 0.01513671875 0.03125
0 0.606201171875 0.6995442708333333 0.01708984375 0.030598958333333332
0 0.79931640625 0.7679036458333333 0.0126953125 0.024088541666666664
0 0.898193359375 0.69140625 0.01025390625 0.022135416666666664
0 0.91650390625 0.7327473958333333 0.0107421875 0.021484375
0 0.902099609375 0.42447916666666663 0.01025390625 0.022135416666666664
0 0.128173828125 0.123046875 0.03466796875 0.041666666666666664
0 0.16796875 0.1083984375 0.033203125 0.041015625
0 0.2119140625 0.12565104166666666 0.033203125 0.0390625
0 0.25048828125 0.14908854166666666 0.03125 0.04036458333333333
0 0.022216796875 0.15397135416666666 0.03955078125 0.04231770833333333
0 0.081787109375 0.09375 0.03857421875 0.04296875
0 0.0322265625 0.09798177083333333 0.0390625 0.04231770833333333
