0 0.712890625 0.8919270833333333 0.0322265625 0.0390625
0 0.374267578125 0.45670572916666663 0.02099609375 0.033203125
0 0.327392578125 0.4287109375 0.02099609375 0.03450520833333333
0 0.35107421875 0.6923828125 0.01953125 0.033203125
0 0.1005859375 0.7626953125 0.015625 0.027994791666666664
0 0.07958984375 0.7552083333333333 0.0146484375 0.02734375
0 0.0615234375 0.7555338541666666 0.013671875 0.026692708333333332
0 0.043701171875 0.7516276041666666 0.01318359375 0.026692708333333332
0 0.02587890625 0.748046875 0.0126953125 0.026041666666666664
0 0.009521484375 0.7438151041666666 0.01318359375 0.026692708333333332
0 0.027587890625 0.7926432291666666 0.01318359375 0.025390625
0 0.046875 0.21126302083333331 0.015625 0.027994791666666664
0 0.028076171875 0.20638020833333331 0.01513671875 0.028645833333333332
0 0.00927734375 0.20963541666666666 0.01171875 0.026041666666666664
