0 0.010009765625 0.20833333333333331 0.01123046875 0.0234375
0 0.027099609375 0.20572916666666666 0.01220703125 0.022135416666666664
0 0.0478515625 0.21028645833333331 0.013671875 0.0234375
0 0.009521484375 0.7431640625 0.01220703125 0.025390625
0 0.025634765625 0.748046875 0.01123046875 0.024739583333333332
0 0.043212890625 0.75 0.01318359375 0.024739583333333332
0 0.06103515625 0.7545572916666666 0.013671875 0.024739583333333332
0 0.08056640625 0.7545572916666666 0.0146484375 0.026041666666666664
0 0.1015625 0.7623697916666666 0.0146484375 0.024739583333333332
0 0.028076171875 0.7936197916666666 0.01220703125 0.026041666666666664
0 0.14453125 0.7255859375 0.013671875 0.026692708333333332
0 0.295166015625 0.7978515625 0.01708984375 0.030598958333333332
0 0.713134765625 0.8922526041666666 0.03076171875 0.037109375
0 0.81494140625 0.884765625 0.037109375 0.04296875
0 0.558837890625 0.48014322916666663 0.02880859375 0.035807291666666664
0 0.581787109375 0.06673177083333333 0.02294921875 0.037109375
0 0.449462890625 0.068359375 0.02392578125 0.03645833333333333
