0 0.814697265625 0.8841145833333333 0.03759765625 0.04427083333333333
0 0.712890625 0.8912760416666666 0.0322265625 0.0390625
0 0.558349609375 0.4827473958333333 0.02783203125 0.03841145833333333
0 0.60791015625 0.080078125 0.0302734375 0.04296875
0 0.448486328125 0.068359375 0.02490234375 0.037760416666666664
0 0.294921875 0.7978515625 0.01953125 0.031901041666666664
0 0.144775390625 0.724609375 0.01416015625 0.02734375
0 0.1005859375 0.7623697916666666 0.013671875 0.02734375
0 0.080078125 0.75390625 0.0146484375 0.028645833333333332
0 0.06103515625 0.7555338541666666 0.013671875 0.027994791666666664
0 0.043701171875 0.7509765625 0.01318359375 0.026692708333333332
0 0.02587890625 0.7470703125 0.013671875 0.025390625
0 0.009033203125 0.7431640625 0.01123046875 0.025390625
0 0.027587890625 0.7926432291666666 0.01318359375 0.026692708333333332
0 0.01025390625 0.2080078125 0.0146484375 0.026692708333333332
0 0.027099609375 0.20703125 0.01318359375 0.026041666666666664
0 0.04638671875 0.2109375 0.015625 0.029947916666666664
