0 0.022216796875 0.15397135416666666 0.03662109375 0.039713541666666664
0 0.033935546875 0.09700520833333333 0.03271484375 0.0390625
0 0.0810546875 0.0927734375 0.03515625 0.037109375
0 0.12890625 0.12369791666666666 0.033203125 0.037760416666666664
0 0.16943359375 0.10709635416666666 0.02734375 0.03450520833333333
0 0.211669921875 0.12272135416666666 0.02880859375 0.035807291666666664
0 0.25244140625 0.1494140625 0.0283203125 0.030598958333333332
0 0.00927734375 0.6751302083333333 0.0185546875 0.037760416666666664
0 0.018310546875 0.7734375 0.03369140625 0.0390625
0 0.018310546875 0.9111328125 0.03564453125 0.03841145833333333
0 0.067138671875 0.90234375 0.03662109375 0.04036458333333333
0 0.111572265625 0.9635416666666666 0.03271484375 0.0390625
0 0.11572265625 0.8922526041666666 0.033203125 0.03841145833333333
0 0.160400390625 0.8841145833333333 0.03173828125 0.03645833333333333
0 0.202880859375 0.8759765625 0.03076171875 0.035807291666666664
0 0.243896484375 0.8629557291666666 0.02880859375 0.037109375
0 0.28466796875 0.8610026041666666 0.02734375 0.035807291666666664
0 0.365478515625 0.7916666666666666 0.02294921875 0.03125
0 0.70068359375 0.24869791666666666 0.0146484375 0.026041666666666664
0 0.744384765625 0.5348307291666666 0.01318359375 0.022786458333333332
0 0.777587890625 0.306640625 0.01220703125 0.018229166666666664
0 0.96630859375 0.5 0.005859375 0.016927083333333332
0 0.549072265625 0.8079427083333333 0.01806640625 0.02734375
0 0.799072265625 0.7659505208333333 0.01123046875 0.022786458333333332
0 0.834716796875 0.74609375 0.01123046875 0.024739583333333332
