0 0.009521484375 0.6754557291666666 0.01904296875 0.041015625
0 0.0185546875 0.7744140625 0.037109375 0.041015625
0 0.01806640625 0.912109375 0.0361328125 0.04036458333333333
0 0.0673828125 0.9016927083333333 0.037109375 0.0390625
0 0.115234375 0.8929036458333333 0.0341796875 0.03841145833333333
0 0.111083984375 0.9638671875 0.03466796875 0.03841145833333333
0 0.16015625 0.884765625 0.0322265625 0.037760416666666664
0 0.203125 0.8772786458333333 0.0322265625 0.037109375
0 0.24365234375 0.8619791666666666 0.029296875 0.03515625
0 0.28466796875 0.8610026041666666 0.02734375 0.03450520833333333
0 0.365966796875 0.7906901041666666 0.02392578125 0.031901041666666664
0 0.02294921875 0.15397135416666666 0.0390625 0.04231770833333333
0 0.032958984375 0.09830729166666666 0.03955078125 0.041666666666666664
0 0.08154296875 0.09309895833333333 0.03515625 0.04036458333333333
0 0.1279296875 0.12239583333333333 0.03515625 0.04036458333333333
0 0.16796875 0.10807291666666666 0.03125 0.0390625
0 0.211181640625 0.12239583333333333 0.03076171875 0.037760416666666664
0 0.251220703125 0.14778645833333331 0.02978515625 0.03645833333333333
0 0.548828125 0.8079427083333333 0.0185546875 0.028645833333333332
0 0.833740234375 0.7457682291666666 0.01025390625 0.022786458333333332
0 0.798828125 0.767578125 0.01171875 0.0234375
0 0.743408203125 0.5354817708333333 0.01318359375 0.024088541666666664
0 0.901611328125 0.517578125 0.00927734375 0.01953125
0 0.815185546875 0.3518880208333333 0.01123046875 0.024088541666666664
0 0.69873046875 0.248046875 0.0146484375 0.026041666666666664
