0 0.020263671875 0.2972005208333333 0.03857421875 0.041015625
0 0.291259765625 0.17610677083333331 0.02587890625 0.033203125
0 0.217529296875 0.3466796875 0.02978515625 0.035807291666666664
0 0.19677734375 0.5553385416666666 0.03125 0.037760416666666664
0 0.015380859375 0.6533203125 0.03076171875 0.04231770833333333
0 0.058349609375 0.669921875 0.03662109375 0.04036458333333333
0 0.076904296875 0.7180989583333333 0.03662109375 0.04036458333333333
0 0.010986328125 0.7799479166666666 0.02197265625 0.04427083333333333
0 0.350830078125 0.5452473958333333 0.02587890625 0.03450520833333333
0 0.436767578125 0.5364583333333333 0.02197265625 0.029947916666666664
0 0.554931640625 0.248046875 0.01904296875 0.028645833333333332
0 0.935791015625 0.927734375 0.00830078125 0.020833333333333332
