0 0.81494140625 0.8841145833333333 0.037109375 0.04296875
0 0.712646484375 0.8912760416666666 0.03271484375 0.0390625
0 0.55859375 0.48209635416666663 0.0283203125 0.03841145833333333
0 0.7158203125 0.12239583333333333 0.0322265625 0.04296875
0 0.448974609375 0.06966145833333333 0.02392578125 0.0390625
0 0.295166015625 0.7975260416666666 0.01904296875 0.03125
0 0.144287109375 0.7239583333333333 0.01513671875 0.028645833333333332
0 0.10009765625 0.76171875 0.015625 0.02734375
0 0.07958984375 0.7542317708333333 0.0146484375 0.027994791666666664
0 0.061279296875 0.7548828125 0.01416015625 0.027994791666666664
0 0.04345703125 0.7509765625 0.013671875 0.026692708333333332
0 0.02783203125 0.79296875 0.013671875 0.026041666666666664
0 0.025634765625 0.7477213541666666 0.01318359375 0.025390625
0 0.00927734375 0.744140625 0.013671875 0.026041666666666664
0 0.009765625 0.20963541666666666 0.013671875 0.026041666666666664
0 0.027587890625 0.20638020833333331 0.01513671875 0.02734375
0 0.04638671875 0.21028645833333331 0.015625 0.02734375
