0 0.01123046875 0.2099609375 0.015625 0.026692708333333332
0 0.02783203125 0.20735677083333331 0.0146484375 0.025390625
0 0.046875 0.21061197916666666 0.0166015625 0.027994791666666664
0 0.00927734375 0.7438151041666666 0.013671875 0.025390625
0 0.02587890625 0.7477213541666666 0.013671875 0.025390625
0 0.043212890625 0.7509765625 0.01416015625 0.025390625
0 0.0615234375 0.7552083333333333 0.015625 0.026041666666666664
0 0.079833984375 0.7542317708333333 0.01513671875 0.026692708333333332
0 0.100830078125 0.7620442708333333 0.01416015625 0.026692708333333332
0 0.0283203125 0.79296875 0.0126953125 0.024739583333333332
0 0.145263671875 0.7252604166666666 0.01513671875 0.029947916666666664
0 0.295166015625 0.7975260416666666 0.02001953125 0.029947916666666664
0 0.44921875 0.0673828125 0.025390625 0.039713541666666664
0 0.544921875 0.4775390625 0.0322265625 0.03841145833333333
0 0.589111328125 0.5107421875 0.03173828125 0.03841145833333333
0 0.71240234375 0.8916015625 0.033203125 0.039713541666666664
0 0.814453125 0.8844401041666666 0.037109375 0.041015625
0 0.9765625 0.220703125 0.0439453125 0.05078125
