0 0.009033203125 0.6767578125 0.01806640625 0.04231770833333333
0 0.017822265625 0.7744140625 0.03466796875 0.04231770833333333
0 0.0185546875 0.912109375 0.0361328125 0.041666666666666664
0 0.067138671875 0.9013671875 0.03662109375 0.039713541666666664
0 0.114990234375 0.8929036458333333 0.03564453125 0.041015625
0 0.16015625 0.884765625 0.03125 0.0390625
0 0.202880859375 0.8763020833333333 0.03076171875 0.03645833333333333
0 0.243896484375 0.8629557291666666 0.02880859375 0.037109375
0 0.284423828125 0.8606770833333333 0.02880859375 0.037760416666666664
0 0.11083984375 0.962890625 0.0361328125 0.04036458333333333
0 0.02294921875 0.15657552083333331 0.0390625 0.048828125
0 0.03369140625 0.09830729166666666 0.0400390625 0.04817708333333333
0 0.082275390625 0.09309895833333333 0.03662109375 0.04296875
0 0.128662109375 0.12337239583333333 0.03369140625 0.044921875
0 0.16943359375 0.1083984375 0.0322265625 0.043619791666666664
0 0.21240234375 0.1240234375 0.03125 0.04231770833333333
0 0.25146484375 0.14680989583333331 0.0283203125 0.037109375
0 0.69970703125 0.24772135416666666 0.0166015625 0.027994791666666664
0 0.3662109375 0.7913411458333333 0.0234375 0.033203125
0 0.54833984375 0.8079427083333333 0.01953125 0.029947916666666664
0 0.670654296875 0.49576822916666663 0.01708984375 0.026692708333333332
0 0.7333984375 0.6061197916666666 0.0126953125 0.026041666666666664
0 0.79931640625 0.7669270833333333 0.0107421875 0.022135416666666664
0 0.833251953125 0.7457682291666666 0.01220703125 0.022786458333333332
0 0.917236328125 0.46875 0.00830078125 0.01953125
