0 0.814208984375 0.884765625 0.03662109375 0.04427083333333333
0 0.712890625 0.8912760416666666 0.0322265625 0.04036458333333333
0 0.544677734375 0.59375 0.02783203125 0.0390625
0 0.42529296875 0.435546875 0.0283203125 0.037760416666666664
0 0.449951171875 0.068359375 0.02685546875 0.037760416666666664
0 0.295166015625 0.7975260416666666 0.01904296875 0.03125
0 0.14453125 0.7239583333333333 0.015625 0.02734375
0 0.1005859375 0.7626953125 0.013671875 0.026692708333333332
0 0.079833984375 0.7548828125 0.01416015625 0.027994791666666664
0 0.0615234375 0.7555338541666666 0.013671875 0.026692708333333332
0 0.043701171875 0.7516276041666666 0.01318359375 0.026692708333333332
0 0.027587890625 0.7926432291666666 0.01318359375 0.026692708333333332
0 0.025634765625 0.7477213541666666 0.01318359375 0.025390625
0 0.0087890625 0.7438151041666666 0.0126953125 0.025390625
0 0.009521484375 0.208984375 0.01318359375 0.026041666666666664
0 0.02685546875 0.205078125 0.0146484375 0.02734375
0 0.046630859375 0.21126302083333331 0.01513671875 0.027994791666666664
