0 0.023681640625 0.1552734375 0.03955078125 0.04622395833333333
0 0.03369140625 0.09928385416666666 0.0380859375 0.043619791666666664
0 0.08203125 0.0947265625 0.0361328125 0.043619791666666664
0 0.128173828125 0.12337239583333333 0.03564453125 0.04231770833333333
0 0.168212890625 0.1083984375 0.03173828125 0.039713541666666664
0 0.2119140625 0.125 0.0302734375 0.03645833333333333
0 0.251708984375 0.14908854166666666 0.02783203125 0.037760416666666664
0 0.009521484375 0.6741536458333333 0.01904296875 0.03841145833333333
0 0.01806640625 0.7750651041666666 0.0361328125 0.041015625
0 0.01806640625 0.912109375 0.0361328125 0.041666666666666664
0 0.0673828125 0.9016927083333333 0.037109375 0.04036458333333333
0 0.115478515625 0.8938802083333333 0.03466796875 0.04036458333333333
0 0.160400390625 0.8850911458333333 0.03271484375 0.03841145833333333
0 0.202880859375 0.8766276041666666 0.03076171875 0.03841145833333333
0 0.243408203125 0.8626302083333333 0.02880859375 0.03645833333333333
0 0.284423828125 0.8606770833333333 0.02783203125 0.03515625
0 0.111328125 0.9638671875 0.0361328125 0.039713541666666664
0 0.365966796875 0.791015625 0.02490234375 0.033854166666666664
0 0.548828125 0.8089192708333333 0.0185546875 0.029296875
0 0.70947265625 0.6588541666666666 0.0146484375 0.026041666666666664
0 0.799072265625 0.7679036458333333 0.01220703125 0.022786458333333332
0 0.833984375 0.74609375 0.01171875 0.022135416666666664
0 0.945068359375 0.49967447916666663 0.00927734375 0.018880208333333332
0 0.599365234375 0.4563802083333333 0.01904296875 0.02734375
0 0.698974609375 0.2490234375 0.01513671875 0.024088541666666664
