0 0.81494140625 0.884765625 0.037109375 0.04296875
0 0.712158203125 0.8919270833333333 0.03271484375 0.0390625
0 0.50341796875 0.6666666666666666 0.0263671875 0.03645833333333333
0 0.294921875 0.7975260416666666 0.01953125 0.029947916666666664
0 0.32568359375 0.39811197916666663 0.0224609375 0.031901041666666664
0 0.448974609375 0.0693359375 0.02392578125 0.03841145833333333
0 0.14501953125 0.724609375 0.015625 0.02734375
0 0.027587890625 0.79296875 0.01318359375 0.024739583333333332
0 0.009033203125 0.7434895833333333 0.01220703125 0.024739583333333332
0 0.026123046875 0.7473958333333333 0.01220703125 0.024739583333333332
0 0.04345703125 0.7509765625 0.013671875 0.025390625
0 0.061279296875 0.7552083333333333 0.01416015625 0.026041666666666664
0 0.07958984375 0.7545572916666666 0.0146484375 0.026041666666666664
0 0.100830078125 0.7623697916666666 0.01513671875 0.02734375
0 0.046875 0.21061197916666666 0.0146484375 0.029296875
0 0.0283203125 0.20703125 0.013671875 0.02734375
0 0.010498046875 0.208984375 0.01318359375 0.02734375
