0 0.154541015625 0.5986328125 0.03173828125 0.03841145833333333
0 0.176513671875 0.72265625 0.03076171875 0.03645833333333333
0 0.296142578125 0.9205729166666666 0.02880859375 0.0390625
0 0.395263671875 0.2333984375 0.02392578125 0.031901041666666664
0 0.83154296875 0.3232421875 0.015625 0.025390625
0 0.956298828125 0.3098958333333333 0.01318359375 0.0234375
0 0.974853515625 0.3138020833333333 0.01318359375 0.024739583333333332
0 0.99267578125 0.3186848958333333 0.0107421875 0.021484375
0 0.9951171875 0.458984375 0.0087890625 0.024739583333333332
0 0.971435546875 0.490234375 0.01318359375 0.0234375
0 0.992431640625 0.5006510416666666 0.01220703125 0.0234375
0 0.992431640625 0.8942057291666666 0.01416015625 0.027994791666666664
0 0.994140625 0.9306640625 0.0107421875 0.026692708333333332
