0 0.169677734375 0.6025390625 0.03076171875 0.037109375
0 0.1767578125 0.7233072916666666 0.03125 0.04036458333333333
0 0.296875 0.9205729166666666 0.0283203125 0.0390625
0 0.395263671875 0.23307291666666666 0.02490234375 0.029947916666666664
0 0.831787109375 0.3232421875 0.01513671875 0.025390625
0 0.95654296875 0.310546875 0.013671875 0.024739583333333332
0 0.97607421875 0.3147786458333333 0.013671875 0.024088541666666664
0 0.9931640625 0.31803385416666663 0.0107421875 0.022786458333333332
0 0.994873046875 0.4580078125 0.00927734375 0.022786458333333332
0 0.97216796875 0.4905598958333333 0.0146484375 0.026692708333333332
0 0.992919921875 0.5003255208333333 0.01318359375 0.026692708333333332
0 0.991943359375 0.8948567708333333 0.01220703125 0.029296875
0 0.99462890625 0.931640625 0.009765625 0.024739583333333332
