0 0.3955078125 0.23372395833333331 0.0224609375 0.03125
0 0.177490234375 0.603515625 0.02978515625 0.03645833333333333
0 0.177001953125 0.7229817708333333 0.03076171875 0.03841145833333333
0 0.296875 0.9205729166666666 0.0283203125 0.0390625
0 0.83154296875 0.32389322916666663 0.015625 0.024088541666666664
0 0.956298828125 0.3095703125 0.01220703125 0.022786458333333332
0 0.975341796875 0.31412760416666663 0.01416015625 0.024088541666666664
0 0.9931640625 0.31901041666666663 0.0126953125 0.026041666666666664
0 0.995361328125 0.458984375 0.00830078125 0.024739583333333332
0 0.971435546875 0.49088541666666663 0.01416015625 0.0234375
0 0.992919921875 0.5009765625 0.01318359375 0.025390625
0 0.990966796875 0.8922526041666666 0.01318359375 0.026692708333333332
0 0.993896484375 0.9300130208333333 0.01123046875 0.024088541666666664
