0 0.95458984375 0.3128255208333333 0.015625 0.027994791666666664
0 0.97216796875 0.31412760416666663 0.0166015625 0.029296875
0 0.991455078125 0.31705729166666663 0.01318359375 0.026041666666666664
0 0.973388671875 0.4915364583333333 0.01416015625 0.026041666666666664
0 0.9921875 0.5 0.0146484375 0.022135416666666664
0 0.83154296875 0.32096354166666663 0.015625 0.022135416666666664
0 0.3955078125 0.232421875 0.025390625 0.03515625
0 0.182373046875 0.6061197916666666 0.02880859375 0.037760416666666664
0 0.175048828125 0.7233072916666666 0.02978515625 0.0390625
0 0.29638671875 0.9195963541666666 0.0302734375 0.037109375
