0 0.81494140625 0.8850911458333333 0.037109375 0.043619791666666664
0 0.712158203125 0.8916015625 0.03271484375 0.041015625
0 0.46728515625 0.7317708333333333 0.0244140625 0.03515625
0 0.44921875 0.0693359375 0.0244140625 0.03841145833333333
0 0.294677734375 0.7965494791666666 0.01904296875 0.031901041666666664
0 0.239990234375 0.36783854166666663 0.02294921875 0.033854166666666664
0 0.145263671875 0.7242838541666666 0.01611328125 0.029296875
0 0.100830078125 0.7630208333333333 0.01513671875 0.028645833333333332
0 0.07958984375 0.7545572916666666 0.013671875 0.02734375
0 0.0615234375 0.7555338541666666 0.0146484375 0.026692708333333332
0 0.043701171875 0.7513020833333333 0.01318359375 0.02734375
0 0.025390625 0.7473958333333333 0.013671875 0.026041666666666664
0 0.0087890625 0.744140625 0.0126953125 0.026041666666666664
0 0.027587890625 0.7926432291666666 0.01220703125 0.026692708333333332
0 0.010498046875 0.20865885416666666 0.01416015625 0.026692708333333332
0 0.02783203125 0.20638020833333331 0.013671875 0.028645833333333332
0 0.046142578125 0.21061197916666666 0.01611328125 0.027994791666666664
