0 0.017822265625 0.9124348958333333 0.03564453125 0.041015625
0 0.018310546875 0.7744140625 0.03662109375 0.041015625
0 0.06689453125 0.90234375 0.037109375 0.04036458333333333
0 0.114990234375 0.8929036458333333 0.03466796875 0.039713541666666664
0 0.11083984375 0.9641927083333333 0.03515625 0.0390625
0 0.160400390625 0.8844401041666666 0.03369140625 0.037109375
0 0.202880859375 0.876953125 0.03173828125 0.03645833333333333
0 0.243408203125 0.8626302083333333 0.02978515625 0.03645833333333333
0 0.284423828125 0.8606770833333333 0.02783203125 0.03515625
0 0.009521484375 0.67578125 0.01904296875 0.04036458333333333
0 0.022705078125 0.154296875 0.03857421875 0.04296875
0 0.033203125 0.09798177083333333 0.0380859375 0.04231770833333333
0 0.08154296875 0.09375 0.03515625 0.041666666666666664
0 0.12841796875 0.1220703125 0.0341796875 0.039713541666666664
0 0.168212890625 0.107421875 0.03271484375 0.0390625
0 0.211181640625 0.12337239583333333 0.02978515625 0.037109375
0 0.250732421875 0.1484375 0.02880859375 0.03515625
0 0.3662109375 0.7903645833333333 0.0224609375 0.03255208333333333
0 0.548828125 0.8076171875 0.01953125 0.027994791666666664
0 0.685791015625 0.7093098958333333 0.01318359375 0.026692708333333332
0 0.799072265625 0.767578125 0.01123046875 0.0234375
0 0.83349609375 0.74609375 0.0107421875 0.022135416666666664
0 0.517333984375 0.41015625 0.02099609375 0.03125
0 0.69921875 0.24772135416666666 0.0146484375 0.026692708333333332
0 0.969970703125 0.5276692708333333 0.00830078125 0.020182291666666664
