0 0.176025390625 0.7236328125 0.03076171875 0.039713541666666664
0 0.274169921875 0.6246744791666666 0.02783203125 0.035807291666666664
0 0.296630859375 0.9208984375 0.02978515625 0.03841145833333333
0 0.3955078125 0.23307291666666666 0.0234375 0.029947916666666664
0 0.83154296875 0.322265625 0.015625 0.0234375
0 0.95654296875 0.310546875 0.0126953125 0.0234375
0 0.974853515625 0.3138020833333333 0.01416015625 0.0234375
0 0.992919921875 0.318359375 0.01123046875 0.022135416666666664
0 0.9951171875 0.458984375 0.0087890625 0.0234375
0 0.9716796875 0.4905598958333333 0.013671875 0.022786458333333332
0 0.992919921875 0.5006510416666666 0.01318359375 0.024739583333333332
0 0.990966796875 0.8955078125 0.01220703125 0.027994791666666664
0 0.992919921875 0.931640625 0.00830078125 0.024739583333333332
