0 0.8134765625 0.8850911458333333 0.0400390625 0.044921875
0 0.712646484375 0.8916015625 0.03173828125 0.039713541666666664
0 0.43408203125 0.7884114583333333 0.025390625 0.03645833333333333
0 0.294677734375 0.796875 0.02001953125 0.03255208333333333
0 0.14501953125 0.724609375 0.0146484375 0.02734375
0 0.100341796875 0.7626953125 0.01416015625 0.026692708333333332
0 0.027587890625 0.7932942708333333 0.01318359375 0.025390625
0 0.079345703125 0.7545572916666666 0.01416015625 0.026041666666666664
0 0.0615234375 0.755859375 0.0126953125 0.02734375
0 0.043701171875 0.7513020833333333 0.01416015625 0.024739583333333332
0 0.026123046875 0.7470703125 0.01318359375 0.024088541666666664
0 0.009521484375 0.7447916666666666 0.01318359375 0.02734375
0 0.16552734375 0.3408203125 0.0185546875 0.027994791666666664
0 0.44921875 0.06868489583333333 0.0244140625 0.037109375
0 0.046630859375 0.21126302083333331 0.01513671875 0.026692708333333332
0 0.028564453125 0.20735677083333331 0.01513671875 0.025390625
0 0.010986328125 0.20865885416666666 0.01513671875 0.026692708333333332
