0 0.39599609375 0.23404947916666666 0.0234375 0.030598958333333332
0 0.281494140625 0.6259765625 0.02783203125 0.03450520833333333
0 0.177001953125 0.7236328125 0.03076171875 0.039713541666666664
0 0.296875 0.9205729166666666 0.029296875 0.037760416666666664
0 0.9912109375 0.892578125 0.015625 0.024739583333333332
0 0.9931640625 0.9261067708333333 0.0126953125 0.026692708333333332
0 0.832275390625 0.3235677083333333 0.01611328125 0.026041666666666664
0 0.9560546875 0.3095703125 0.0126953125 0.024088541666666664
0 0.975830078125 0.3138020833333333 0.01318359375 0.02734375
0 0.994140625 0.3177083333333333 0.0107421875 0.024739583333333332
0 0.994873046875 0.4583333333333333 0.00830078125 0.022135416666666664
0 0.970947265625 0.4912109375 0.01416015625 0.025390625
0 0.99267578125 0.5006510416666666 0.013671875 0.024739583333333332
