0 0.29638671875 0.9208984375 0.0283203125 0.03841145833333333
0 0.176513671875 0.72265625 0.03076171875 0.03515625
0 0.395263671875 0.23404947916666666 0.02294921875 0.031901041666666664
0 0.831298828125 0.32291666666666663 0.01513671875 0.024739583333333332
0 0.33837890625 0.6376953125 0.02734375 0.033203125
0 0.956298828125 0.31022135416666663 0.01318359375 0.022786458333333332
0 0.97509765625 0.314453125 0.0126953125 0.020833333333333332
0 0.99169921875 0.3177083333333333 0.009765625 0.020833333333333332
0 0.970947265625 0.490234375 0.01318359375 0.0234375
0 0.9912109375 0.5 0.009765625 0.0234375
0 0.994140625 0.45963541666666663 0.005859375 0.0234375
0 0.99169921875 0.8942057291666666 0.01171875 0.026692708333333332
0 0.994384765625 0.931640625 0.00927734375 0.028645833333333332
