0 0.815185546875 0.8850911458333333 0.03759765625 0.044921875
0 0.713134765625 0.892578125 0.03271484375 0.04036458333333333
0 0.448974609375 0.06901041666666666 0.02490234375 0.037760416666666664
0 0.408935546875 0.8333333333333333 0.02294921875 0.03515625
0 0.29541015625 0.7975260416666666 0.01953125 0.029947916666666664
0 0.098388671875 0.31705729166666663 0.01513671875 0.028645833333333332
0 0.010009765625 0.21028645833333331 0.01220703125 0.024739583333333332
0 0.02783203125 0.20735677083333331 0.0126953125 0.021484375
0 0.048095703125 0.21321614583333331 0.01416015625 0.025390625
0 0.145263671875 0.7249348958333333 0.01513671875 0.025390625
0 0.100341796875 0.7630208333333333 0.01513671875 0.02734375
0 0.079833984375 0.7552083333333333 0.01513671875 0.02734375
0 0.0615234375 0.7555338541666666 0.013671875 0.026692708333333332
0 0.04296875 0.751953125 0.013671875 0.024739583333333332
0 0.025390625 0.748046875 0.0126953125 0.024739583333333332
0 0.008544921875 0.7438151041666666 0.01318359375 0.026692708333333332
0 0.02783203125 0.7936197916666666 0.013671875 0.026041666666666664
