0 0.642578125 0.7994791666666666 0.0185546875 0.02734375
0 0.549072265625 0.8076171875 0.02001953125 0.027994791666666664
0 0.799072265625 0.7685546875 0.01123046875 0.024088541666666664
0 0.83447265625 0.7454427083333333 0.0126953125 0.0234375
0 0.698486328125 0.248046875 0.01611328125 0.028645833333333332
0 0.3662109375 0.7913411458333333 0.025390625 0.031901041666666664
0 0.2841796875 0.8606770833333333 0.0283203125 0.033854166666666664
0 0.24365234375 0.8626302083333333 0.029296875 0.033854166666666664
0 0.2021484375 0.876953125 0.03125 0.03645833333333333
0 0.16015625 0.8850911458333333 0.033203125 0.03841145833333333
0 0.114501953125 0.8922526041666666 0.03466796875 0.037109375
0 0.111083984375 0.9635416666666666 0.03564453125 0.04036458333333333
0 0.066650390625 0.9020182291666666 0.03466796875 0.043619791666666664
0 0.01708984375 0.9114583333333333 0.0341796875 0.04036458333333333
0 0.018798828125 0.7740885416666666 0.03662109375 0.04296875
0 0.009521484375 0.6767578125 0.01904296875 0.039713541666666664
0 0.33251953125 0.3079427083333333 0.029296875 0.03645833333333333
0 0.251953125 0.1484375 0.0283203125 0.0390625
0 0.211669921875 0.12337239583333333 0.03076171875 0.03841145833333333
0 0.16845703125 0.10872395833333333 0.033203125 0.0390625
0 0.12841796875 0.12272135416666666 0.03515625 0.041015625
0 0.080810546875 0.09342447916666666 0.03564453125 0.04231770833333333
0 0.032958984375 0.0986328125 0.03857421875 0.04231770833333333
0 0.022705078125 0.15299479166666666 0.03857421875 0.041666666666666664
