0 0.17578125 0.7242838541666666 0.029296875 0.037109375
0 0.350830078125 0.6422526041666666 0.02197265625 0.033203125
0 0.39599609375 0.23274739583333331 0.0244140625 0.031901041666666664
0 0.29736328125 0.9222005208333333 0.02734375 0.037109375
0 0.828857421875 0.322265625 0.01611328125 0.022135416666666664
0 0.9521484375 0.31119791666666663 0.0166015625 0.020833333333333332
0 0.975341796875 0.31510416666666663 0.01123046875 0.024739583333333332
0 0.97119140625 0.4921875 0.0107421875 0.022135416666666664
0 0.99169921875 0.8942057291666666 0.0126953125 0.027994791666666664
0 0.9951171875 0.9329427083333333 0.0078125 0.028645833333333332
0 0.9951171875 0.46061197916666663 0.0087890625 0.026692708333333332
0 0.991943359375 0.5016276041666666 0.01318359375 0.025390625
0 0.9912109375 0.3196614583333333 0.01171875 0.024739583333333332
