0 0.36328125 0.6435546875 0.025390625 0.03450520833333333
0 0.1767578125 0.7223307291666666 0.03125 0.037109375
0 0.296630859375 0.9205729166666666 0.02783203125 0.037760416666666664
0 0.991943359375 0.89453125 0.01123046875 0.024739583333333332
0 0.99462890625 0.9296875 0.0087890625 0.024739583333333332
0 0.9716796875 0.49088541666666663 0.013671875 0.0234375
0 0.992431640625 0.5003255208333333 0.01220703125 0.024088541666666664
0 0.99462890625 0.458984375 0.0087890625 0.0234375
0 0.95654296875 0.30924479166666663 0.0126953125 0.020833333333333332
0 0.974609375 0.31412760416666663 0.0126953125 0.021484375
0 0.9931640625 0.318359375 0.01171875 0.020833333333333332
0 0.831298828125 0.3225911458333333 0.01513671875 0.024088541666666664
0 0.395263671875 0.2333984375 0.02392578125 0.030598958333333332
