0 0.327392578125 0.4287109375 0.02099609375 0.03450520833333333
0 0.374755859375 0.45768229166666663 0.02294921875 0.04036458333333333
0 0.009033203125 0.744140625 0.01416015625 0.026041666666666664
0 0.026123046875 0.7483723958333333 0.01416015625 0.025390625
0 0.044189453125 0.7522786458333333 0.01416015625 0.026692708333333332
0 0.0615234375 0.7552083333333333 0.013671875 0.02734375
0 0.080322265625 0.7555338541666666 0.01416015625 0.029296875
0 0.100830078125 0.7626953125 0.01513671875 0.027994791666666664
0 0.02783203125 0.79296875 0.013671875 0.026041666666666664
0 0.71337890625 0.890625 0.0322265625 0.04296875
0 0.047607421875 0.21354166666666666 0.01416015625 0.024739583333333332
0 0.02880859375 0.2080078125 0.0146484375 0.024088541666666664
0 0.010498046875 0.21126302083333331 0.01416015625 0.024088541666666664
0 0.004638671875 0.232421875 0.00927734375 0.020833333333333332
