0 0.00927734375 0.744140625 0.0126953125 0.024739583333333332
0 0.02587890625 0.7473958333333333 0.0126953125 0.024739583333333332
0 0.043701171875 0.7516276041666666 0.01416015625 0.026692708333333332
0 0.0615234375 0.7555338541666666 0.013671875 0.025390625
0 0.080078125 0.7545572916666666 0.013671875 0.024739583333333332
0 0.101318359375 0.7630208333333333 0.01513671875 0.026041666666666664
0 0.027587890625 0.7932942708333333 0.01416015625 0.024088541666666664
0 0.14501953125 0.7252604166666666 0.015625 0.02734375
0 0.294677734375 0.7972005208333333 0.02099609375 0.031901041666666664
0 0.406494140625 0.8209635416666666 0.02294921875 0.029947916666666664
0 0.039794921875 0.2952473958333333 0.01513671875 0.025390625
0 0.047119140625 0.21223958333333331 0.01513671875 0.026041666666666664
0 0.02880859375 0.20670572916666666 0.0146484375 0.025390625
0 0.01025390625 0.20865885416666666 0.0146484375 0.025390625
0 0.449951171875 0.0693359375 0.02490234375 0.037109375
0 0.71240234375 0.8919270833333333 0.033203125 0.04036458333333333
0 0.814697265625 0.8841145833333333 0.03759765625 0.041666666666666664
