0 0.17626953125 0.7223307291666666 0.0302734375 0.037109375
0 0.29638671875 0.9202473958333333 0.02734375 0.03841145833333333
0 0.395751953125 0.23372395833333331 0.02392578125 0.03125
0 0.4169921875 0.6559244791666666 0.025390625 0.033203125
0 0.83154296875 0.3225911458333333 0.015625 0.025390625
0 0.9560546875 0.3098958333333333 0.0126953125 0.022135416666666664
0 0.975341796875 0.3134765625 0.01318359375 0.022786458333333332
0 0.992431640625 0.3173828125 0.01220703125 0.022786458333333332
0 0.9951171875 0.458984375 0.0087890625 0.0234375
0 0.992431640625 0.5016276041666666 0.01220703125 0.026692708333333332
0 0.97119140625 0.490234375 0.013671875 0.024739583333333332
0 0.991943359375 0.8958333333333333 0.01513671875 0.028645833333333332
0 0.993896484375 0.931640625 0.01123046875 0.028645833333333332
