0 0.214599609375 0.7887369791666666 0.03076171875 0.037109375
0 0.595703125 0.7233072916666666 0.021484375 0.03125
0 0.6181640625 0.859375 0.021484375 0.03255208333333333
0 0.992431640625 0.8942057291666666 0.01220703125 0.030598958333333332
0 0.994140625 0.9296875 0.0107421875 0.026041666666666664
0 0.911865234375 0.5595703125 0.01513671875 0.025390625
0 0.90966796875 0.5986328125 0.015625 0.027994791666666664
0 0.735595703125 0.4296875 0.01708984375 0.026041666666666664
0 0.99365234375 0.4768880208333333 0.0107421875 0.022786458333333332
0 0.995849609375 0.697265625 0.00732421875 0.0234375
