0 0.814208984375 0.8841145833333333 0.03857421875 0.04296875
0 0.71240234375 0.8909505208333333 0.033203125 0.039713541666666664
0 0.44873046875 0.06901041666666666 0.025390625 0.037760416666666664
0 0.406494140625 0.8216145833333333 0.02197265625 0.03255208333333333
0 0.29443359375 0.796875 0.0185546875 0.03125
0 0.144775390625 0.724609375 0.01513671875 0.02734375
0 0.10009765625 0.7630208333333333 0.015625 0.02734375
0 0.07958984375 0.7548828125 0.0146484375 0.027994791666666664
0 0.061279296875 0.7552083333333333 0.01416015625 0.02734375
0 0.04345703125 0.7513020833333333 0.013671875 0.02734375
0 0.02587890625 0.7470703125 0.0126953125 0.025390625
0 0.02734375 0.7926432291666666 0.013671875 0.025390625
0 0.009033203125 0.7431640625 0.01220703125 0.025390625
0 0.046142578125 0.21158854166666666 0.01513671875 0.02734375
0 0.02734375 0.20572916666666666 0.015625 0.02734375
0 0.01025390625 0.2080078125 0.0126953125 0.026692708333333332
