0 0.023193359375 0.15494791666666666 0.03662109375 0.04427083333333333
0 0.100341796875 0.18001302083333331 0.03466796875 0.041015625
0 0.0341796875 0.099609375 0.0390625 0.04296875
0 0.08251953125 0.0947265625 0.03515625 0.043619791666666664
0 0.128662109375 0.12369791666666666 0.03466796875 0.041666666666666664
0 0.169189453125 0.10872395833333333 0.03271484375 0.0390625
0 0.212158203125 0.12467447916666666 0.03076171875 0.041015625
0 0.251220703125 0.14973958333333331 0.02978515625 0.037760416666666664
0 0.009521484375 0.6761067708333333 0.01904296875 0.039713541666666664
0 0.0185546875 0.7747395833333333 0.037109375 0.041666666666666664
0 0.017578125 0.912109375 0.03515625 0.041666666666666664
0 0.067138671875 0.9020182291666666 0.03662109375 0.041015625
0 0.115478515625 0.8935546875 0.03466796875 0.039713541666666664
0 0.16064453125 0.884765625 0.0322265625 0.037760416666666664
0 0.203125 0.8763020833333333 0.0302734375 0.037760416666666664
0 0.24365234375 0.8629557291666666 0.029296875 0.035807291666666664
0 0.2841796875 0.8610026041666666 0.02734375 0.03450520833333333
0 0.111083984375 0.9635416666666666 0.03466796875 0.0390625
0 0.36572265625 0.791015625 0.0244140625 0.033854166666666664
0 0.548828125 0.8079427083333333 0.0185546875 0.028645833333333332
0 0.642333984375 0.7923177083333333 0.01708984375 0.026041666666666664
0 0.799072265625 0.7682291666666666 0.01220703125 0.0234375
0 0.83447265625 0.7457682291666666 0.01171875 0.021484375
0 0.69921875 0.248046875 0.015625 0.026041666666666664
