0 0.53662109375 0.8483072916666666 0.0244140625 0.033854166666666664
0 0.618896484375 0.859375 0.02099609375 0.03125
0 0.59521484375 0.7236328125 0.0205078125 0.033203125
0 0.736572265625 0.43033854166666663 0.01708984375 0.02734375
0 0.912353515625 0.5598958333333333 0.01513671875 0.026041666666666664
0 0.908935546875 0.5986328125 0.01513671875 0.026692708333333332
0 0.9921875 0.89453125 0.0146484375 0.028645833333333332
0 0.994384765625 0.9290364583333333 0.01025390625 0.024739583333333332
0 0.996337890625 0.6953125 0.00634765625 0.024739583333333332
0 0.994140625 0.4765625 0.0107421875 0.026041666666666664
