0 0.047119140625 0.2119140625 0.01513671875 0.027994791666666664
0 0.028076171875 0.20703125 0.01611328125 0.026041666666666664
0 0.010498046875 0.20865885416666666 0.01513671875 0.026692708333333332
0 0.44921875 0.0693359375 0.025390625 0.03841145833333333
0 0.009765625 0.7428385416666666 0.0126953125 0.024739583333333332
0 0.026123046875 0.7467447916666666 0.01416015625 0.024739583333333332
0 0.043212890625 0.7516276041666666 0.01416015625 0.025390625
0 0.028076171875 0.7932942708333333 0.01416015625 0.025390625
0 0.0615234375 0.755859375 0.0146484375 0.02734375
0 0.079833984375 0.7548828125 0.01513671875 0.026692708333333332
0 0.10107421875 0.7623697916666666 0.0146484375 0.02734375
0 0.14501953125 0.7249348958333333 0.0166015625 0.029296875
0 0.294921875 0.7972005208333333 0.021484375 0.031901041666666664
0 0.407470703125 0.822265625 0.02294921875 0.033854166666666664
0 0.712646484375 0.8922526041666666 0.03369140625 0.04231770833333333
0 0.814697265625 0.884765625 0.03759765625 0.04296875
