0 0.032470703125 0.09765625 0.03271484375 0.037760416666666664
0 0.0634765625 0.14811197916666666 0.0361328125 0.039713541666666664
0 0.08251953125 0.09114583333333333 0.033203125 0.0390625
0 0.128173828125 0.12239583333333333 0.03271484375 0.03645833333333333
0 0.167724609375 0.10774739583333333 0.03076171875 0.037109375
0 0.213134765625 0.12272135416666666 0.02783203125 0.031901041666666664
0 0.251953125 0.14811197916666666 0.0283203125 0.031901041666666664
0 0.009033203125 0.6751302083333333 0.01806640625 0.03645833333333333
0 0.017578125 0.7740885416666666 0.03515625 0.04036458333333333
0 0.017578125 0.9114583333333333 0.03515625 0.04296875
0 0.0673828125 0.90234375 0.03515625 0.04036458333333333
0 0.114990234375 0.8938802083333333 0.03564453125 0.0390625
0 0.16015625 0.8854166666666666 0.03125 0.037760416666666664
0 0.203125 0.8763020833333333 0.0322265625 0.03645833333333333
0 0.243896484375 0.8629557291666666 0.02880859375 0.035807291666666664
0 0.28466796875 0.8603515625 0.02734375 0.03450520833333333
0 0.111083984375 0.9635416666666666 0.03466796875 0.04036458333333333
0 0.365478515625 0.791015625 0.02490234375 0.029947916666666664
0 0.69970703125 0.2470703125 0.013671875 0.026692708333333332
0 0.54931640625 0.8079427083333333 0.01953125 0.029947916666666664
0 0.642333984375 0.7906901041666666 0.01708984375 0.024088541666666664
0 0.7998046875 0.7679036458333333 0.0087890625 0.024088541666666664
0 0.834228515625 0.7444661458333333 0.01318359375 0.024088541666666664
