0 0.394287109375 0.2353515625 0.02392578125 0.03450520833333333
0 0.1748046875 0.7236328125 0.03125 0.035807291666666664
0 0.29736328125 0.9228515625 0.02734375 0.035807291666666664
0 0.530029296875 0.6813151041666666 0.02392578125 0.033203125
0 0.830810546875 0.3225911458333333 0.01611328125 0.027994791666666664
0 0.956787109375 0.31217447916666663 0.01318359375 0.022786458333333332
0 0.975341796875 0.314453125 0.01220703125 0.022135416666666664
0 0.992431640625 0.31705729166666663 0.00927734375 0.0234375
0 0.970947265625 0.49186197916666663 0.01416015625 0.025390625
0 0.994873046875 0.4599609375 0.00732421875 0.024088541666666664
0 0.99267578125 0.5022786458333333 0.01171875 0.026692708333333332
0 0.990966796875 0.8938802083333333 0.01318359375 0.02734375
0 0.99365234375 0.9300130208333333 0.01171875 0.024088541666666664
