0 0.177001953125 0.7223307291666666 0.03076171875 0.03841145833333333
0 0.296630859375 0.9202473958333333 0.02880859375 0.037109375
0 0.395751953125 0.23404947916666666 0.02392578125 0.029296875
0 0.547607421875 0.6845703125 0.02099609375 0.029296875
0 0.83154296875 0.32389322916666663 0.015625 0.025390625
0 0.9560546875 0.31022135416666663 0.0126953125 0.022786458333333332
0 0.975341796875 0.31412760416666663 0.01318359375 0.022786458333333332
0 0.9931640625 0.318359375 0.01171875 0.020833333333333332
0 0.991943359375 0.89453125 0.01220703125 0.029947916666666664
0 0.993896484375 0.9293619791666666 0.01123046875 0.024088541666666664
0 0.995361328125 0.45963541666666663 0.00830078125 0.022135416666666664
0 0.97216796875 0.49088541666666663 0.015625 0.020833333333333332
0 0.992919921875 0.5006510416666666 0.01318359375 0.026041666666666664
