0 0.0107421875 0.20963541666666666 0.0146484375 0.026041666666666664
0 0.0283203125 0.2060546875 0.0166015625 0.026692708333333332
0 0.047119140625 0.2119140625 0.01611328125 0.027994791666666664
0 0.028076171875 0.7926432291666666 0.01416015625 0.024088541666666664
0 0.009521484375 0.7438151041666666 0.01220703125 0.026692708333333332
0 0.025634765625 0.7477213541666666 0.01318359375 0.024088541666666664
0 0.04345703125 0.7513020833333333 0.0146484375 0.024739583333333332
0 0.0615234375 0.7552083333333333 0.013671875 0.024739583333333332
0 0.080078125 0.7545572916666666 0.0146484375 0.024739583333333332
0 0.100830078125 0.7623697916666666 0.01416015625 0.026041666666666664
0 0.14501953125 0.724609375 0.0166015625 0.026041666666666664
0 0.295166015625 0.796875 0.02001953125 0.03125
0 0.40673828125 0.8219401041666666 0.0224609375 0.033203125
0 0.44970703125 0.0703125 0.025390625 0.0390625
0 0.712646484375 0.8922526041666666 0.03271484375 0.041015625
0 0.81494140625 0.884765625 0.037109375 0.04296875
