0 0.103515625 0.33951822916666663 0.0322265625 0.035807291666666664
0 0.59619140625 0.7229817708333333 0.0205078125 0.030598958333333332
0 0.661865234375 0.8785807291666666 0.02099609375 0.031901041666666664
0 0.859130859375 0.8421223958333333 0.01611328125 0.026692708333333332
0 0.908447265625 0.5983072916666666 0.01416015625 0.026041666666666664
0 0.736328125 0.4296875 0.0166015625 0.02734375
0 0.91162109375 0.5598958333333333 0.0146484375 0.024739583333333332
0 0.995849609375 0.6962890625 0.00732421875 0.021484375
0 0.99267578125 0.8942057291666666 0.013671875 0.026692708333333332
0 0.994140625 0.9306640625 0.0107421875 0.025390625
0 0.994384765625 0.4768880208333333 0.01025390625 0.022786458333333332
