0 0.00830078125 0.7434895833333333 0.0126953125 0.022135416666666664
0 0.024169921875 0.748046875 0.01318359375 0.0234375
0 0.042236328125 0.7509765625 0.01123046875 0.026692708333333332
0 0.0595703125 0.7542317708333333 0.01171875 0.027994791666666664
0 0.080078125 0.7516276041666666 0.0126953125 0.022786458333333332
0 0.10107421875 0.7639973958333333 0.0146484375 0.021484375
0 0.029296875 0.7932942708333333 0.0166015625 0.024088541666666664
0 0.145263671875 0.7242838541666666 0.01416015625 0.026692708333333332
0 0.295166015625 0.7978515625 0.02099609375 0.027994791666666664
0 0.406494140625 0.8219401041666666 0.02392578125 0.03841145833333333
0 0.7109375 0.8896484375 0.033203125 0.043619791666666664
0 0.86474609375 0.8909505208333333 0.0380859375 0.048828125
0 0.451904296875 0.06998697916666666 0.03076171875 0.041015625
0 0.05126953125 0.2119140625 0.0185546875 0.022786458333333332
0 0.02978515625 0.2060546875 0.015625 0.029296875
0 0.009033203125 0.20768229166666666 0.01513671875 0.024739583333333332
