0 0.063720703125 0.14778645833333331 0.03662109375 0.04036458333333333
0 0.034912109375 0.09765625 0.03369140625 0.0390625
0 0.081787109375 0.09375 0.03564453125 0.0390625
0 0.128662109375 0.123046875 0.03466796875 0.04036458333333333
0 0.16845703125 0.10904947916666666 0.033203125 0.03841145833333333
0 0.21142578125 0.12434895833333333 0.0302734375 0.037760416666666664
0 0.250732421875 0.1484375 0.03173828125 0.037760416666666664
0 0.006103515625 0.13216145833333331 0.01220703125 0.037760416666666664
0 0.01025390625 0.6731770833333333 0.0185546875 0.0390625
0 0.018310546875 0.7731119791666666 0.03369140625 0.039713541666666664
0 0.01806640625 0.9124348958333333 0.0341796875 0.039713541666666664
0 0.06689453125 0.9020182291666666 0.0361328125 0.03841145833333333
0 0.11474609375 0.8942057291666666 0.03515625 0.03841145833333333
0 0.15966796875 0.884765625 0.0322265625 0.0390625
0 0.203125 0.8766276041666666 0.03125 0.03841145833333333
0 0.24365234375 0.86328125 0.03125 0.037760416666666664
0 0.28515625 0.8606770833333333 0.02734375 0.03645833333333333
0 0.1103515625 0.9622395833333333 0.033203125 0.037760416666666664
0 0.79931640625 0.7666015625 0.0107421875 0.024088541666666664
0 0.868896484375 0.7399088541666666 0.01416015625 0.022786458333333332
0 0.548583984375 0.8072916666666666 0.01904296875 0.029947916666666664
0 0.642578125 0.7913411458333333 0.015625 0.025390625
0 0.366455078125 0.7903645833333333 0.02197265625 0.03255208333333333
0 0.699462890625 0.248046875 0.01416015625 0.02734375
