0 0.047119140625 0.21256510416666666 0.01611328125 0.029296875
0 0.028076171875 0.20540364583333331 0.01513671875 0.027994791666666664
0 0.010498046875 0.20768229166666666 0.01513671875 0.028645833333333332
0 0.009521484375 0.744140625 0.01318359375 0.026041666666666664
0 0.02587890625 0.7467447916666666 0.0126953125 0.026041666666666664
0 0.028076171875 0.79296875 0.01416015625 0.024739583333333332
0 0.04345703125 0.7509765625 0.013671875 0.024088541666666664
0 0.06201171875 0.7545572916666666 0.015625 0.026041666666666664
0 0.079833984375 0.7535807291666666 0.01513671875 0.026692708333333332
0 0.101318359375 0.7623697916666666 0.01416015625 0.026041666666666664
0 0.14501953125 0.724609375 0.015625 0.028645833333333332
0 0.29541015625 0.7978515625 0.0185546875 0.029296875
0 0.40673828125 0.8219401041666666 0.0224609375 0.031901041666666664
0 0.444091796875 0.544921875 0.02490234375 0.03645833333333333
0 0.44970703125 0.06868489583333333 0.0244140625 0.037109375
0 0.71240234375 0.8912760416666666 0.0322265625 0.04036458333333333
