0 0.03271484375 0.33984375 0.0078125 0.018229166666666664
0 0.0927734375 0.26041666666666663 0.0087890625 0.01953125
0 0.08447265625 0.3694661458333333 0.0087890625 0.017578125
0 0.246337890625 0.2786458333333333 0.01220703125 0.024739583333333332
0 0.470703125 0.7604166666666666 0.01953125 0.028645833333333332
0 0.41650390625 0.6106770833333333 0.017578125 0.028645833333333332
0 0.5625 0.31803385416666663 0.0234375 0.029296875
0 0.834716796875 0.5237630208333333 0.03369140625 0.03841145833333333
0 0.84765625 0.46647135416666663 0.0341796875 0.039713541666666664
0 0.7109375 0.8193359375 0.0283203125 0.037109375
0 0.35498046875 0.5719401041666666 0.0146484375 0.025390625
