0 0.01806640625 0.912109375 0.0361328125 0.04036458333333333
0 0.067626953125 0.9016927083333333 0.03662109375 0.0390625
0 0.115478515625 0.8932291666666666 0.03369140625 0.037760416666666664
0 0.160400390625 0.8854166666666666 0.03173828125 0.037760416666666664
0 0.111328125 0.9638671875 0.0341796875 0.03841145833333333
0 0.00927734375 0.6744791666666666 0.0185546875 0.037760416666666664
0 0.018798828125 0.7740885416666666 0.03759765625 0.04036458333333333
0 0.203369140625 0.8772786458333333 0.03173828125 0.037109375
0 0.2431640625 0.8626302083333333 0.0302734375 0.033854166666666664
0 0.283935546875 0.8606770833333333 0.02783203125 0.033854166666666664
0 0.365478515625 0.7906901041666666 0.02392578125 0.033203125
0 0.548583984375 0.8082682291666666 0.01904296875 0.029296875
0 0.033203125 0.09928385416666666 0.037109375 0.044921875
0 0.064697265625 0.14908854166666666 0.03759765625 0.04296875
0 0.081298828125 0.09375 0.03662109375 0.04036458333333333
0 0.1279296875 0.12141927083333333 0.037109375 0.039713541666666664
0 0.168212890625 0.10872395833333333 0.03271484375 0.04036458333333333
0 0.212646484375 0.125 0.03076171875 0.037760416666666664
0 0.251708984375 0.14811197916666666 0.02978515625 0.03841145833333333
0 0.642333984375 0.7919921875 0.01708984375 0.024088541666666664
0 0.64501953125 0.5491536458333333 0.017578125 0.027994791666666664
0 0.698974609375 0.24869791666666666 0.01513671875 0.026041666666666664
0 0.798828125 0.767578125 0.01171875 0.0234375
0 0.9814453125 0.6435546875 0.009765625 0.018880208333333332
