0 0.033203125 0.3391927083333333 0.0078125 0.016927083333333332
0 0.103515625 0.2503255208333333 0.009765625 0.020182291666666664
0 0.24609375 0.27897135416666663 0.0126953125 0.025390625
0 0.107421875 0.41666666666666663 0.0087890625 0.01953125
0 0.470703125 0.759765625 0.017578125 0.028645833333333332
0 0.40185546875 0.6031901041666666 0.017578125 0.029296875
0 0.5302734375 0.6822916666666666 0.0205078125 0.03125
0 0.5615234375 0.3177083333333333 0.0234375 0.03125
0 0.711181640625 0.8190104166666666 0.02685546875 0.037760416666666664
0 0.847900390625 0.4661458333333333 0.03271484375 0.0390625
0 0.8349609375 0.5234375 0.033203125 0.0390625
0 0.984375 0.9934895833333333 0.0283203125 0.01171875
