0 0.01806640625 0.912109375 0.0361328125 0.041666666666666664
0 0.0673828125 0.9020182291666666 0.0380859375 0.041015625
0 0.115234375 0.8932291666666666 0.03515625 0.037760416666666664
0 0.16015625 0.884765625 0.0322265625 0.037760416666666664
0 0.202880859375 0.8766276041666666 0.03173828125 0.037109375
0 0.24365234375 0.8629557291666666 0.0302734375 0.037109375
0 0.284423828125 0.8603515625 0.02978515625 0.03450520833333333
0 0.110595703125 0.9638671875 0.03369140625 0.039713541666666664
0 0.599365234375 0.48046875 0.01708984375 0.02734375
0 0.635009765625 0.5081380208333333 0.01708984375 0.026692708333333332
0 0.60986328125 0.6770833333333333 0.0166015625 0.02734375
0 0.799072265625 0.7672526041666666 0.01220703125 0.020182291666666664
0 0.897705078125 0.6917317708333333 0.01025390625 0.021484375
0 0.916748046875 0.7320963541666666 0.00927734375 0.020182291666666664
0 0.9013671875 0.423828125 0.0107421875 0.020833333333333332
0 0.021484375 0.1533203125 0.0390625 0.04231770833333333
0 0.032470703125 0.09798177083333333 0.03857421875 0.04231770833333333
0 0.080810546875 0.09309895833333333 0.03662109375 0.04296875
0 0.12744140625 0.123046875 0.03515625 0.04036458333333333
0 0.16796875 0.10774739583333333 0.0322265625 0.03841145833333333
0 0.21142578125 0.12337239583333333 0.0322265625 0.03841145833333333
0 0.25048828125 0.14811197916666666 0.029296875 0.037109375
