0 0.32763671875 0.42936197916666663 0.021484375 0.035807291666666664
0 0.374755859375 0.458984375 0.02197265625 0.037760416666666664
0 0.047607421875 0.21419270833333331 0.01513671875 0.026041666666666664
0 0.02880859375 0.20703125 0.0146484375 0.026041666666666664
0 0.01123046875 0.21223958333333331 0.0166015625 0.029947916666666664
0 0.006103515625 0.23274739583333331 0.01220703125 0.024088541666666664
0 0.009521484375 0.7444661458333333 0.01318359375 0.026692708333333332
0 0.026123046875 0.748046875 0.01416015625 0.026041666666666664
0 0.04345703125 0.751953125 0.013671875 0.02734375
0 0.06103515625 0.7555338541666666 0.013671875 0.027994791666666664
0 0.07958984375 0.7548828125 0.0146484375 0.027994791666666664
0 0.100830078125 0.7633463541666666 0.01513671875 0.027994791666666664
0 0.02783203125 0.79296875 0.0126953125 0.026041666666666664
0 0.712890625 0.8916015625 0.0322265625 0.04231770833333333
