0 0.00927734375 0.20865885416666666 0.0126953125 0.024088541666666664
0 0.0283203125 0.20540364583333331 0.0146484375 0.021484375
0 0.046875 0.21126302083333331 0.013671875 0.026692708333333332
0 0.0087890625 0.7431640625 0.01171875 0.021484375
0 0.025634765625 0.7477213541666666 0.01318359375 0.022786458333333332
0 0.042724609375 0.7513020833333333 0.01318359375 0.0234375
0 0.06103515625 0.7555338541666666 0.0126953125 0.026692708333333332
0 0.080078125 0.7548828125 0.0146484375 0.026692708333333332
0 0.10107421875 0.7630208333333333 0.0146484375 0.026041666666666664
0 0.0283203125 0.7919921875 0.0126953125 0.024088541666666664
0 0.144287109375 0.7252604166666666 0.01416015625 0.02734375
0 0.29541015625 0.7972005208333333 0.0205078125 0.031901041666666664
0 0.4072265625 0.8212890625 0.0234375 0.031901041666666664
0 0.71240234375 0.8909505208333333 0.033203125 0.04231770833333333
0 0.44873046875 0.068359375 0.025390625 0.03515625
0 0.304931640625 0.4462890625 0.01806640625 0.029296875
