0 0.058837890625 0.5904947916666666 0.00732421875 0.016927083333333332
0 0.143798828125 0.4847005208333333 0.00830078125 0.018880208333333332
0 0.03271484375 0.33951822916666663 0.0068359375 0.017578125
0 0.093505859375 0.2490234375 0.00830078125 0.020182291666666664
0 0.156005859375 0.24446614583333331 0.00927734375 0.021484375
0 0.246337890625 0.2783203125 0.01123046875 0.024088541666666664
0 0.469970703125 0.7600911458333333 0.01904296875 0.029296875
0 0.401611328125 0.6028645833333333 0.01611328125 0.02734375
0 0.562255859375 0.31803385416666663 0.02099609375 0.030598958333333332
0 0.8173828125 0.8209635416666666 0.03125 0.037760416666666664
0 0.85400390625 0.75 0.0341796875 0.0390625
0 0.83447265625 0.5244140625 0.0341796875 0.03841145833333333
0 0.84814453125 0.4658203125 0.033203125 0.039713541666666664
0 0.984619140625 0.9928385416666666 0.02783203125 0.013020833333333332
