0 0.81689453125 0.8203125 0.0302734375 0.037760416666666664
0 0.85400390625 0.7503255208333333 0.033203125 0.039713541666666664
0 0.835205078125 0.5234375 0.03369140625 0.037760416666666664
0 0.84765625 0.4651692708333333 0.0341796875 0.037109375
0 0.4697265625 0.7600911458333333 0.017578125 0.027994791666666664
0 0.4013671875 0.6038411458333333 0.0166015625 0.026692708333333332
0 0.5625 0.3186848958333333 0.0224609375 0.030598958333333332
0 0.0703125 0.5914713541666666 0.0068359375 0.016276041666666664
0 0.033447265625 0.3401692708333333 0.00732421875 0.018880208333333332
0 0.143310546875 0.4847005208333333 0.00927734375 0.018880208333333332
0 0.09375 0.2490234375 0.0078125 0.020182291666666664
0 0.1552734375 0.244140625 0.0087890625 0.022135416666666664
0 0.24658203125 0.2786458333333333 0.0126953125 0.0234375
