0 0.075927734375 0.16829427083333331 0.03076171875 0.03450520833333333
0 0.07568359375 0.8264973958333333 0.033203125 0.03841145833333333
0 0.3173828125 0.2884114583333333 0.025390625 0.03255208333333333
0 0.5771484375 0.7203776041666666 0.021484375 0.031901041666666664
0 0.73583984375 0.42936197916666663 0.017578125 0.026692708333333332
0 0.91162109375 0.5582682291666666 0.0146484375 0.024088541666666664
0 0.90869140625 0.5986328125 0.0146484375 0.025390625
0 0.662109375 0.8792317708333333 0.01953125 0.031901041666666664
0 0.92724609375 0.7529296875 0.0146484375 0.025390625
0 0.914794921875 0.8125 0.01513671875 0.02734375
0 0.9921875 0.8942057291666666 0.013671875 0.026692708333333332
0 0.994140625 0.9309895833333333 0.0107421875 0.02734375
0 0.995849609375 0.6982421875 0.00732421875 0.024088541666666664
0 0.99365234375 0.4775390625 0.009765625 0.024088541666666664
0 0.00244140625 0.5983072916666666 0.0048828125 0.02734375
