0 0.78759765625 0.7692057291666666 0.0126953125 0.021484375
0 0.77685546875 0.662109375 0.01171875 0.024739583333333332
0 0.641845703125 0.7913411458333333 0.01611328125 0.025390625
0 0.54833984375 0.8076171875 0.0185546875 0.030598958333333332
0 0.36572265625 0.7906901041666666 0.0244140625 0.03450520833333333
0 0.283935546875 0.8606770833333333 0.02783203125 0.03515625
0 0.24365234375 0.8636067708333333 0.02734375 0.03450520833333333
0 0.202392578125 0.8759765625 0.02978515625 0.037109375
0 0.160400390625 0.884765625 0.02880859375 0.03645833333333333
0 0.114990234375 0.8929036458333333 0.03173828125 0.037109375
0 0.065673828125 0.900390625 0.03369140625 0.04036458333333333
0 0.017822265625 0.9127604166666666 0.03564453125 0.04036458333333333
0 0.01806640625 0.7740885416666666 0.0361328125 0.041666666666666664
0 0.111572265625 0.9645182291666666 0.03466796875 0.041015625
0 0.010498046875 0.67578125 0.02099609375 0.04036458333333333
0 0.250732421875 0.14876302083333331 0.02783203125 0.03450520833333333
0 0.21142578125 0.12434895833333333 0.0302734375 0.03515625
0 0.167236328125 0.10807291666666666 0.03271484375 0.0390625
0 0.1279296875 0.123046875 0.0361328125 0.0390625
0 0.080322265625 0.09309895833333333 0.03564453125 0.04036458333333333
0 0.063720703125 0.14876302083333331 0.03759765625 0.041015625
0 0.03271484375 0.09733072916666666 0.037109375 0.041015625
0 0.005126953125 0.1279296875 0.01025390625 0.030598958333333332
0 0.411865234375 0.365234375 0.02392578125 0.03515625
0 0.698974609375 0.24641927083333331 0.01416015625 0.027994791666666664
