0 0.005126953125 0.12825520833333331 0.01025390625 0.033854166666666664
0 0.032470703125 0.09733072916666666 0.03857421875 0.041015625
0 0.08154296875 0.09309895833333333 0.0361328125 0.04036458333333333
0 0.064208984375 0.1484375 0.03759765625 0.041666666666666664
0 0.12744140625 0.123046875 0.033203125 0.0390625
0 0.167724609375 0.1083984375 0.03173828125 0.037109375
0 0.21240234375 0.12434895833333333 0.0302734375 0.033854166666666664
0 0.250732421875 0.1484375 0.02880859375 0.03515625
0 0.376953125 0.3408203125 0.0244140625 0.031901041666666664
0 0.008544921875 0.6751302083333333 0.01708984375 0.03645833333333333
0 0.017578125 0.7747395833333333 0.03515625 0.0390625
0 0.365478515625 0.7913411458333333 0.02392578125 0.033203125
0 0.017822265625 0.9111328125 0.03564453125 0.039713541666666664
0 0.067626953125 0.9020182291666666 0.03564453125 0.039713541666666664
0 0.114501953125 0.8929036458333333 0.03466796875 0.03841145833333333
0 0.111328125 0.9635416666666666 0.033203125 0.037760416666666664
0 0.160888671875 0.8844401041666666 0.03173828125 0.037109375
0 0.20263671875 0.8766276041666666 0.0302734375 0.035807291666666664
0 0.24365234375 0.8623046875 0.029296875 0.035807291666666664
0 0.28466796875 0.8610026041666666 0.02734375 0.035807291666666664
0 0.549072265625 0.80859375 0.01806640625 0.028645833333333332
0 0.641845703125 0.7923177083333333 0.01611328125 0.026041666666666664
0 0.787109375 0.767578125 0.01171875 0.0234375
0 0.751708984375 0.6061197916666666 0.01220703125 0.024739583333333332
0 0.698974609375 0.24869791666666666 0.01513671875 0.02734375
