0 0.023193359375 0.15625 0.03857421875 0.045572916666666664
0 0.034423828125 0.10091145833333333 0.03466796875 0.04296875
0 0.08447265625 0.0947265625 0.0341796875 0.041015625
0 0.128662109375 0.12369791666666666 0.03466796875 0.041666666666666664
0 0.169189453125 0.10904947916666666 0.03271484375 0.03841145833333333
0 0.2119140625 0.12434895833333333 0.0322265625 0.04296875
0 0.251220703125 0.150390625 0.03076171875 0.03515625
0 0.901611328125 0.4241536458333333 0.01220703125 0.022786458333333332
0 0.599365234375 0.4807942708333333 0.01806640625 0.027994791666666664
0 0.63525390625 0.5081380208333333 0.017578125 0.029296875
0 0.619873046875 0.6266276041666666 0.01708984375 0.030598958333333332
0 0.799560546875 0.767578125 0.01220703125 0.0234375
0 0.898193359375 0.69140625 0.01025390625 0.022135416666666664
0 0.916748046875 0.732421875 0.01025390625 0.020833333333333332
0 0.01806640625 0.9130859375 0.03515625 0.041015625
0 0.067138671875 0.9026692708333333 0.03662109375 0.041015625
0 0.114990234375 0.8935546875 0.03466796875 0.039713541666666664
0 0.16015625 0.8850911458333333 0.0341796875 0.039713541666666664
0 0.202880859375 0.876953125 0.03173828125 0.037760416666666664
0 0.2431640625 0.8629557291666666 0.0302734375 0.037109375
0 0.28466796875 0.8610026041666666 0.0283203125 0.037109375
0 0.111083984375 0.9641927083333333 0.03466796875 0.04036458333333333
