0 0.126708984375 0.3333333333333333 0.01611328125 0.029947916666666664
0 0.448974609375 0.06770833333333333 0.02685546875 0.037760416666666664
0 0.559814453125 0.5533854166666666 0.03173828125 0.04036458333333333
0 0.68115234375 0.8824869791666666 0.0322265625 0.03841145833333333
0 0.40625 0.8219401041666666 0.021484375 0.033203125
0 0.295166015625 0.7975260416666666 0.02001953125 0.03255208333333333
0 0.14501953125 0.7249348958333333 0.0146484375 0.026692708333333332
0 0.027587890625 0.7932942708333333 0.01220703125 0.025390625
0 0.10107421875 0.7633463541666666 0.013671875 0.027994791666666664
0 0.080322265625 0.7545572916666666 0.01318359375 0.026041666666666664
0 0.061279296875 0.7555338541666666 0.01318359375 0.026692708333333332
0 0.04345703125 0.7513020833333333 0.0126953125 0.026041666666666664
0 0.026123046875 0.7473958333333333 0.01318359375 0.026041666666666664
0 0.00830078125 0.7428385416666666 0.01171875 0.024739583333333332
0 0.047119140625 0.2109375 0.01416015625 0.02734375
0 0.0283203125 0.2060546875 0.015625 0.027994791666666664
0 0.010498046875 0.20930989583333331 0.01416015625 0.026692708333333332
