0 0.68115234375 0.8815104166666666 0.03125 0.037760416666666664
0 0.40625 0.8216145833333333 0.0224609375 0.03125
0 0.29443359375 0.7975260416666666 0.01953125 0.03125
0 0.533447265625 0.5074869791666666 0.02783203125 0.037109375
0 0.448974609375 0.068359375 0.02685546875 0.04296875
0 0.02783203125 0.7932942708333333 0.0126953125 0.024088541666666664
0 0.100830078125 0.7630208333333333 0.01416015625 0.026041666666666664
0 0.1455078125 0.7249348958333333 0.0146484375 0.026692708333333332
0 0.080078125 0.7545572916666666 0.013671875 0.026041666666666664
0 0.061279296875 0.7555338541666666 0.01318359375 0.024088541666666664
0 0.0439453125 0.7513020833333333 0.0126953125 0.026041666666666664
0 0.025634765625 0.7477213541666666 0.01318359375 0.024088541666666664
0 0.009033203125 0.7438151041666666 0.01318359375 0.025390625
0 0.126953125 0.3333333333333333 0.015625 0.028645833333333332
0 0.047119140625 0.2119140625 0.01513671875 0.025390625
0 0.028076171875 0.20572916666666666 0.01416015625 0.02734375
0 0.01025390625 0.20930989583333331 0.013671875 0.025390625
