0 0.0478515625 0.21223958333333331 0.015625 0.028645833333333332
0 0.0283203125 0.20735677083333331 0.015625 0.026692708333333332
0 0.01025390625 0.2099609375 0.013671875 0.025390625
0 0.449951171875 0.06966145833333333 0.02490234375 0.037760416666666664
0 0.681396484375 0.8821614583333333 0.03076171875 0.0390625
0 0.406982421875 0.8216145833333333 0.02197265625 0.033854166666666664
0 0.295166015625 0.7972005208333333 0.02001953125 0.030598958333333332
0 0.1455078125 0.7242838541666666 0.015625 0.027994791666666664
0 0.126953125 0.3330078125 0.0166015625 0.030598958333333332
0 0.027587890625 0.79296875 0.01318359375 0.024739583333333332
0 0.009765625 0.7434895833333333 0.0126953125 0.024739583333333332
0 0.026123046875 0.7477213541666666 0.01318359375 0.025390625
0 0.04345703125 0.7509765625 0.013671875 0.026692708333333332
0 0.061767578125 0.7555338541666666 0.01416015625 0.026692708333333332
0 0.080078125 0.7552083333333333 0.0146484375 0.02734375
0 0.100830078125 0.7630208333333333 0.01513671875 0.02734375
0 0.5234375 0.4895833333333333 0.0283203125 0.0390625
