0 0.37646484375 0.33984375 0.0244140625 0.03255208333333333
0 0.641845703125 0.7919921875 0.01611328125 0.026692708333333332
0 0.2841796875 0.8606770833333333 0.02734375 0.033854166666666664
0 0.243896484375 0.86328125 0.02978515625 0.03515625
0 0.203125 0.8766276041666666 0.029296875 0.035807291666666664
0 0.16015625 0.884765625 0.0341796875 0.037760416666666664
0 0.11474609375 0.8935546875 0.0341796875 0.03841145833333333
0 0.017822265625 0.9124348958333333 0.03564453125 0.039713541666666664
0 0.067138671875 0.90234375 0.03662109375 0.041666666666666664
0 0.1103515625 0.9638671875 0.0341796875 0.03841145833333333
0 0.698486328125 0.24869791666666666 0.01416015625 0.026041666666666664
0 0.716552734375 0.5179036458333333 0.01318359375 0.024088541666666664
0 0.787353515625 0.7679036458333333 0.01220703125 0.024088541666666664
0 0.06396484375 0.1484375 0.0390625 0.04296875
0 0.032470703125 0.09798177083333333 0.03857421875 0.04231770833333333
0 0.0810546875 0.09309895833333333 0.0361328125 0.041666666666666664
0 0.127685546875 0.123046875 0.03466796875 0.041666666666666664
0 0.167724609375 0.10807291666666666 0.03271484375 0.0390625
0 0.210693359375 0.12369791666666666 0.03173828125 0.037760416666666664
0 0.251220703125 0.14778645833333331 0.02880859375 0.03515625
0 0.250244140625 0.146484375 0.02880859375 0.03515625
0 0.01806640625 0.7744140625 0.0361328125 0.041015625
0 0.00927734375 0.67578125 0.0185546875 0.041666666666666664
0 0.36572265625 0.7906901041666666 0.0244140625 0.031901041666666664
0 0.548583984375 0.8082682291666666 0.01904296875 0.029296875
0 0.00537109375 0.12923177083333331 0.0107421875 0.035807291666666664
