0 0.033203125 0.09798177083333333 0.037109375 0.043619791666666664
0 0.064453125 0.14876302083333331 0.037109375 0.041015625
0 0.081787109375 0.09407552083333333 0.03564453125 0.04231770833333333
0 0.12841796875 0.123046875 0.03515625 0.041666666666666664
0 0.168212890625 0.10904947916666666 0.03271484375 0.041015625
0 0.2119140625 0.12467447916666666 0.0302734375 0.039713541666666664
0 0.25146484375 0.14811197916666666 0.029296875 0.03841145833333333
0 0.00927734375 0.6761067708333333 0.0185546875 0.039713541666666664
0 0.0185546875 0.7744140625 0.037109375 0.041015625
0 0.017822265625 0.9124348958333333 0.03564453125 0.04231770833333333
0 0.067138671875 0.9013671875 0.03662109375 0.041015625
0 0.115478515625 0.8932291666666666 0.03369140625 0.0390625
0 0.16064453125 0.8850911458333333 0.0322265625 0.03841145833333333
0 0.203125 0.8772786458333333 0.03125 0.03841145833333333
0 0.243408203125 0.8626302083333333 0.02978515625 0.03645833333333333
0 0.2841796875 0.8606770833333333 0.02734375 0.03515625
0 0.111328125 0.9638671875 0.0341796875 0.039713541666666664
0 0.365966796875 0.791015625 0.02392578125 0.03255208333333333
0 0.549072265625 0.8089192708333333 0.01904296875 0.029296875
0 0.64208984375 0.7919921875 0.0166015625 0.025390625
0 0.78759765625 0.7682291666666666 0.0126953125 0.022135416666666664
0 0.70751953125 0.4983723958333333 0.0146484375 0.024088541666666664
0 0.699462890625 0.24869791666666666 0.01513671875 0.02734375
0 0.376708984375 0.3401692708333333 0.02392578125 0.033203125
