0 0.705810546875 0.498046875 0.01611328125 0.024739583333333332
0 0.787109375 0.7682291666666666 0.0126953125 0.022135416666666664
0 0.642822265625 0.7916666666666666 0.01611328125 0.026041666666666664
0 0.54931640625 0.8076171875 0.01953125 0.027994791666666664
0 0.365966796875 0.7906901041666666 0.02490234375 0.031901041666666664
0 0.28466796875 0.8603515625 0.0283203125 0.035807291666666664
0 0.243896484375 0.8626302083333333 0.03076171875 0.03645833333333333
0 0.202880859375 0.8766276041666666 0.03076171875 0.037109375
0 0.159912109375 0.884765625 0.03271484375 0.037760416666666664
0 0.114501953125 0.8929036458333333 0.03466796875 0.039713541666666664
0 0.11083984375 0.9635416666666666 0.033203125 0.0390625
0 0.0673828125 0.90234375 0.0361328125 0.04036458333333333
0 0.01806640625 0.9117838541666666 0.0361328125 0.04231770833333333
0 0.0185546875 0.7744140625 0.0361328125 0.039713541666666664
0 0.009765625 0.677734375 0.0185546875 0.04296875
0 0.251953125 0.1484375 0.0283203125 0.03515625
0 0.2119140625 0.1240234375 0.029296875 0.037109375
0 0.168212890625 0.10807291666666666 0.03466796875 0.04296875
0 0.127685546875 0.12337239583333333 0.03466796875 0.041015625
0 0.081787109375 0.0927734375 0.03662109375 0.041015625
0 0.064697265625 0.1474609375 0.03857421875 0.039713541666666664
0 0.032958984375 0.09733072916666666 0.03759765625 0.04231770833333333
0 0.005126953125 0.1298828125 0.01025390625 0.039713541666666664
0 0.376708984375 0.33984375 0.02685546875 0.03255208333333333
0 0.69873046875 0.2470703125 0.015625 0.026692708333333332
0 0.9482421875 0.6627604166666666 0.0107421875 0.01953125
