0 0.680908203125 0.8821614583333333 0.03271484375 0.0390625
0 0.40771484375 0.8212890625 0.0224609375 0.033203125
0 0.295166015625 0.7975260416666666 0.01904296875 0.03125
0 0.482177734375 0.4306640625 0.02587890625 0.037109375
0 0.44921875 0.06868489583333333 0.0263671875 0.039713541666666664
0 0.14501953125 0.724609375 0.015625 0.02734375
0 0.10107421875 0.7623697916666666 0.0146484375 0.02734375
0 0.080078125 0.75390625 0.013671875 0.02734375
0 0.061767578125 0.7548828125 0.01318359375 0.026692708333333332
0 0.0439453125 0.7506510416666666 0.0126953125 0.024739583333333332
0 0.026123046875 0.7467447916666666 0.01220703125 0.024739583333333332
0 0.009033203125 0.7431640625 0.01220703125 0.025390625
0 0.02734375 0.7923177083333333 0.0126953125 0.024739583333333332
0 0.126953125 0.3323567708333333 0.015625 0.030598958333333332
0 0.047119140625 0.2109375 0.01416015625 0.02734375
0 0.02783203125 0.20638020833333331 0.0146484375 0.024739583333333332
0 0.010009765625 0.2080078125 0.01318359375 0.026692708333333332
