0 0.790283203125 0.7486979166666666 0.03369140625 0.04427083333333333
0 0.681640625 0.8828125 0.033203125 0.0390625
0 0.407470703125 0.8225911458333333 0.02392578125 0.035807291666666664
0 0.293212890625 0.7985026041666666 0.02001953125 0.031901041666666664
0 0.144775390625 0.724609375 0.01416015625 0.028645833333333332
0 0.1005859375 0.7623697916666666 0.013671875 0.02734375
0 0.079833984375 0.7542317708333333 0.01513671875 0.026692708333333332
0 0.061279296875 0.7552083333333333 0.01416015625 0.026041666666666664
0 0.043701171875 0.7516276041666666 0.01220703125 0.025390625
0 0.025634765625 0.7470703125 0.01220703125 0.025390625
0 0.009765625 0.7434895833333333 0.0126953125 0.024739583333333332
0 0.027587890625 0.7926432291666666 0.01220703125 0.025390625
0 0.126708984375 0.3323567708333333 0.01513671875 0.027994791666666664
0 0.04638671875 0.21223958333333331 0.013671875 0.026041666666666664
0 0.0283203125 0.20638020833333331 0.0126953125 0.0234375
0 0.010009765625 0.2080078125 0.01220703125 0.026692708333333332
0 0.48193359375 0.43033854166666663 0.02734375 0.03645833333333333
0 0.449462890625 0.06868489583333333 0.02587890625 0.039713541666666664
