0 0.327392578125 0.427734375 0.02294921875 0.03515625
0 0.375 0.4554036458333333 0.0244140625 0.037109375
0 0.388916015625 0.564453125 0.02294921875 0.03515625
0 0.712890625 0.892578125 0.0341796875 0.041666666666666664
0 0.02783203125 0.7936197916666666 0.013671875 0.024739583333333332
0 0.1005859375 0.7633463541666666 0.0166015625 0.025390625
0 0.079345703125 0.7548828125 0.01513671875 0.026692708333333332
0 0.06103515625 0.755859375 0.0146484375 0.026041666666666664
0 0.043212890625 0.7509765625 0.01416015625 0.026692708333333332
0 0.025146484375 0.7473958333333333 0.01220703125 0.02734375
0 0.009033203125 0.7438151041666666 0.01416015625 0.026692708333333332
0 0.046630859375 0.2109375 0.01513671875 0.02734375
0 0.02734375 0.20572916666666666 0.0146484375 0.028645833333333332
0 0.009765625 0.208984375 0.0146484375 0.02734375
