0 0.91650390625 0.732421875 0.009765625 0.01953125
0 0.8984375 0.6920572916666666 0.009765625 0.022135416666666664
0 0.902099609375 0.4251302083333333 0.00927734375 0.022135416666666664
0 0.798828125 0.7679036458333333 0.01171875 0.024088541666666664
0 0.638427734375 0.59375 0.01611328125 0.02734375
0 0.63525390625 0.5087890625 0.017578125 0.026692708333333332
0 0.599609375 0.4807942708333333 0.0185546875 0.029296875
0 0.284912109375 0.8610026041666666 0.02783203125 0.035807291666666664
0 0.2431640625 0.8629557291666666 0.029296875 0.037109375
0 0.203369140625 0.8766276041666666 0.03076171875 0.03841145833333333
0 0.159912109375 0.8854166666666666 0.03173828125 0.037760416666666664
0 0.114990234375 0.8935546875 0.03466796875 0.039713541666666664
0 0.017578125 0.9117838541666666 0.03515625 0.04231770833333333
0 0.0673828125 0.9020182291666666 0.037109375 0.041015625
0 0.110595703125 0.9641927083333333 0.03466796875 0.0390625
0 0.2509765625 0.14811197916666666 0.0283203125 0.037109375
0 0.211669921875 0.12434895833333333 0.02978515625 0.03645833333333333
0 0.168212890625 0.109375 0.03173828125 0.04036458333333333
0 0.128173828125 0.12337239583333333 0.03466796875 0.039713541666666664
0 0.08203125 0.09375 0.037109375 0.041666666666666664
0 0.033203125 0.09798177083333333 0.0380859375 0.04231770833333333
0 0.02294921875 0.154296875 0.0390625 0.041666666666666664
