0 0.0048828125 0.1298828125 0.009765625 0.03450520833333333
0 0.03271484375 0.09798177083333333 0.037109375 0.041015625
0 0.081298828125 0.09407552083333333 0.03369140625 0.03841145833333333
0 0.064453125 0.14811197916666666 0.037109375 0.04231770833333333
0 0.128173828125 0.123046875 0.03369140625 0.0390625
0 0.16796875 0.1083984375 0.0302734375 0.037109375
0 0.212646484375 0.12467447916666666 0.03076171875 0.03841145833333333
0 0.251220703125 0.14908854166666666 0.02880859375 0.03515625
0 0.009033203125 0.6764322916666666 0.01806640625 0.04036458333333333
0 0.017822265625 0.7740885416666666 0.03564453125 0.04036458333333333
0 0.017578125 0.9127604166666666 0.03515625 0.04036458333333333
0 0.0673828125 0.9026692708333333 0.0361328125 0.039713541666666664
0 0.115478515625 0.8935546875 0.03369140625 0.03841145833333333
0 0.11083984375 0.9635416666666666 0.0341796875 0.037760416666666664
0 0.16015625 0.8854166666666666 0.0322265625 0.037760416666666664
0 0.202880859375 0.8766276041666666 0.02978515625 0.037109375
0 0.24365234375 0.8626302083333333 0.029296875 0.03645833333333333
0 0.28466796875 0.8610026041666666 0.02734375 0.03450520833333333
0 0.36572265625 0.791015625 0.0234375 0.03255208333333333
0 0.549072265625 0.8079427083333333 0.01904296875 0.029947916666666664
0 0.642578125 0.7919921875 0.015625 0.026692708333333332
0 0.376708984375 0.3408203125 0.02490234375 0.03450520833333333
0 0.69921875 0.24934895833333331 0.0146484375 0.026041666666666664
0 0.705810546875 0.4983723958333333 0.01513671875 0.025390625
0 0.75927734375 0.6884765625 0.0126953125 0.021484375
0 0.787353515625 0.7682291666666666 0.01220703125 0.022135416666666664
