0 0.010498046875 0.20963541666666666 0.01416015625 0.024739583333333332
0 0.029052734375 0.2080078125 0.01513671875 0.027994791666666664
0 0.0478515625 0.212890625 0.0146484375 0.028645833333333332
0 0.126708984375 0.33365885416666663 0.01513671875 0.029296875
0 0.14501953125 0.724609375 0.0146484375 0.02734375
0 0.009521484375 0.744140625 0.01318359375 0.02734375
0 0.02587890625 0.7477213541666666 0.0126953125 0.025390625
0 0.04296875 0.7516276041666666 0.013671875 0.025390625
0 0.0615234375 0.755859375 0.013671875 0.02734375
0 0.079345703125 0.7548828125 0.01416015625 0.027994791666666664
0 0.10107421875 0.7633463541666666 0.0146484375 0.029296875
0 0.02783203125 0.7936197916666666 0.0126953125 0.026041666666666664
0 0.3427734375 0.7086588541666666 0.021484375 0.031901041666666664
0 0.294677734375 0.7972005208333333 0.01904296875 0.030598958333333332
0 0.40673828125 0.8216145833333333 0.021484375 0.033854166666666664
0 0.68115234375 0.8818359375 0.03125 0.039713541666666664
0 0.4501953125 0.0703125 0.025390625 0.037760416666666664
0 0.482421875 0.4309895833333333 0.0263671875 0.037760416666666664
