0 0.681396484375 0.8821614583333333 0.03271484375 0.0390625
0 0.482177734375 0.4309895833333333 0.02490234375 0.037760416666666664
0 0.448486328125 0.0693359375 0.02490234375 0.035807291666666664
0 0.126708984375 0.33268229166666663 0.01611328125 0.029947916666666664
0 0.04638671875 0.21158854166666666 0.015625 0.02734375
0 0.0283203125 0.2060546875 0.0146484375 0.025390625
0 0.01025390625 0.20930989583333331 0.013671875 0.026692708333333332
0 0.243896484375 0.701171875 0.02197265625 0.03125
0 0.294677734375 0.7981770833333333 0.02001953125 0.03125
0 0.1455078125 0.7242838541666666 0.015625 0.029296875
0 0.100830078125 0.7626953125 0.01513671875 0.027994791666666664
0 0.079833984375 0.7548828125 0.01416015625 0.027994791666666664
0 0.061279296875 0.7555338541666666 0.01318359375 0.026692708333333332
0 0.043701171875 0.7513020833333333 0.01318359375 0.024739583333333332
0 0.0283203125 0.7936197916666666 0.0126953125 0.026041666666666664
0 0.025634765625 0.7473958333333333 0.01220703125 0.026041666666666664
0 0.009033203125 0.7444661458333333 0.01318359375 0.025390625
0 0.40673828125 0.8212890625 0.0224609375 0.033203125
