0 0.681640625 0.8821614583333333 0.0322265625 0.0390625
0 0.4072265625 0.822265625 0.0234375 0.033854166666666664
0 0.294921875 0.7975260416666666 0.01953125 0.03125
0 0.159912109375 0.6943359375 0.01513671875 0.027994791666666664
0 0.145263671875 0.7249348958333333 0.01513671875 0.027994791666666664
0 0.100830078125 0.7626953125 0.01416015625 0.027994791666666664
0 0.080078125 0.7545572916666666 0.013671875 0.02734375
0 0.0615234375 0.7548828125 0.013671875 0.026692708333333332
0 0.04345703125 0.7513020833333333 0.013671875 0.026041666666666664
0 0.026123046875 0.7473958333333333 0.01318359375 0.026041666666666664
0 0.009033203125 0.7434895833333333 0.01318359375 0.026041666666666664
0 0.02783203125 0.7926432291666666 0.0126953125 0.025390625
0 0.126953125 0.3333333333333333 0.015625 0.029947916666666664
0 0.04736328125 0.21061197916666666 0.0146484375 0.026692708333333332
0 0.028076171875 0.20638020833333331 0.01318359375 0.026041666666666664
0 0.010498046875 0.20865885416666666 0.01318359375 0.026692708333333332
0 0.482177734375 0.4306640625 0.02587890625 0.037109375
0 0.448974609375 0.06868489583333333 0.02587890625 0.03841145833333333
