0 0.78759765625 0.7688802083333333 0.0126953125 0.020833333333333332
0 0.64208984375 0.7916666666666666 0.015625 0.026041666666666664
0 0.549072265625 0.8079427083333333 0.02001953125 0.028645833333333332
0 0.390869140625 0.7486979166666666 0.02978515625 0.03125
0 0.366455078125 0.7913411458333333 0.02490234375 0.031901041666666664
0 0.28466796875 0.8606770833333333 0.0283203125 0.03515625
0 0.24365234375 0.86328125 0.0283203125 0.03515625
0 0.203125 0.8766276041666666 0.03125 0.037109375
0 0.160400390625 0.884765625 0.03271484375 0.03645833333333333
0 0.115234375 0.8938802083333333 0.03515625 0.037760416666666664
0 0.1103515625 0.9635416666666666 0.03515625 0.0390625
0 0.0673828125 0.9016927083333333 0.03515625 0.04036458333333333
0 0.017822265625 0.7744140625 0.03564453125 0.03841145833333333
0 0.00927734375 0.6770833333333333 0.0185546875 0.04427083333333333
0 0.705810546875 0.498046875 0.01513671875 0.024739583333333332
0 0.37646484375 0.34049479166666663 0.0263671875 0.033854166666666664
0 0.0322265625 0.09798177083333333 0.0380859375 0.04231770833333333
0 0.064208984375 0.14876302083333331 0.03662109375 0.041015625
0 0.081298828125 0.09309895833333333 0.03564453125 0.04036458333333333
0 0.1279296875 0.123046875 0.0341796875 0.04036458333333333
0 0.168212890625 0.109375 0.03271484375 0.04036458333333333
0 0.212158203125 0.1240234375 0.03076171875 0.035807291666666664
0 0.25146484375 0.1484375 0.0283203125 0.03515625
0 0.0048828125 0.13020833333333331 0.009765625 0.04036458333333333
0 0.017822265625 0.9117838541666666 0.03564453125 0.04231770833333333
0 0.698974609375 0.24837239583333331 0.01611328125 0.025390625
