0 0.00537109375 0.130859375 0.009765625 0.029947916666666664
0 0.034912109375 0.09733072916666666 0.03564453125 0.041015625
0 0.08251953125 0.0947265625 0.0302734375 0.039713541666666664
0 0.0634765625 0.14778645833333331 0.0361328125 0.04036458333333333
0 0.12890625 0.12272135416666666 0.0302734375 0.037109375
0 0.169677734375 0.107421875 0.02783203125 0.03255208333333333
0 0.21240234375 0.125 0.0283203125 0.03255208333333333
0 0.251220703125 0.14908854166666666 0.02880859375 0.03125
0 0.376953125 0.34049479166666663 0.0234375 0.03255208333333333
0 0.0087890625 0.6744791666666666 0.017578125 0.037760416666666664
0 0.018310546875 0.7747395833333333 0.03466796875 0.037760416666666664
0 0.018310546875 0.9127604166666666 0.03369140625 0.0390625
0 0.06689453125 0.9007161458333333 0.03515625 0.037109375
0 0.115966796875 0.8932291666666666 0.03271484375 0.037760416666666664
0 0.11083984375 0.9635416666666666 0.0341796875 0.0390625
0 0.160888671875 0.8844401041666666 0.02978515625 0.035807291666666664
0 0.20263671875 0.876953125 0.029296875 0.03515625
0 0.244140625 0.8626302083333333 0.0283203125 0.03645833333333333
0 0.284912109375 0.861328125 0.02685546875 0.03515625
0 0.286865234375 0.7252604166666666 0.03271484375 0.03255208333333333
0 0.35107421875 0.8264973958333333 0.0234375 0.030598958333333332
0 0.549072265625 0.8076171875 0.01708984375 0.026692708333333332
0 0.64208984375 0.7923177083333333 0.0146484375 0.024739583333333332
0 0.7880859375 0.7682291666666666 0.009765625 0.022135416666666664
0 0.70556640625 0.4990234375 0.0146484375 0.025390625
0 0.7001953125 0.24837239583333331 0.013671875 0.024088541666666664
