0 0.033447265625 0.09765625 0.03955078125 0.04036458333333333
0 0.08203125 0.09440104166666666 0.037109375 0.041666666666666664
0 0.064208984375 0.14876302083333331 0.03759765625 0.043619791666666664
0 0.1279296875 0.12337239583333333 0.03515625 0.03841145833333333
0 0.168212890625 0.10872395833333333 0.03271484375 0.03645833333333333
0 0.211669921875 0.12239583333333333 0.03173828125 0.037760416666666664
0 0.2509765625 0.14908854166666666 0.029296875 0.037760416666666664
0 0.376708984375 0.34049479166666663 0.02587890625 0.03255208333333333
0 0.018310546875 0.7747395833333333 0.03564453125 0.04036458333333333
0 0.00927734375 0.6748046875 0.0185546875 0.041015625
0 0.168212890625 0.6979166666666666 0.03662109375 0.0390625
0 0.01806640625 0.912109375 0.03515625 0.041666666666666664
0 0.0673828125 0.9016927083333333 0.0361328125 0.0390625
0 0.114990234375 0.8932291666666666 0.03369140625 0.037760416666666664
0 0.111083984375 0.9641927083333333 0.03466796875 0.04036458333333333
0 0.159912109375 0.8844401041666666 0.03271484375 0.037109375
0 0.20263671875 0.876953125 0.0322265625 0.037760416666666664
0 0.243408203125 0.8619791666666666 0.02880859375 0.03645833333333333
0 0.284912109375 0.8606770833333333 0.02880859375 0.033854166666666664
0 0.341552734375 0.8460286458333333 0.02587890625 0.033203125
0 0.548583984375 0.8079427083333333 0.01904296875 0.026041666666666664
0 0.642578125 0.7913411458333333 0.0166015625 0.026692708333333332
0 0.786865234375 0.7672526041666666 0.01416015625 0.021484375
0 0.705810546875 0.49869791666666663 0.01513671875 0.026041666666666664
0 0.69873046875 0.248046875 0.0146484375 0.026041666666666664
