0 0.395263671875 0.2333984375 0.02392578125 0.030598958333333332
0 0.83154296875 0.32291666666666663 0.0146484375 0.026041666666666664
0 0.95654296875 0.30859375 0.013671875 0.0234375
0 0.975341796875 0.3154296875 0.01416015625 0.024088541666666664
0 0.993408203125 0.3173828125 0.01220703125 0.024088541666666664
0 0.971923828125 0.48893229166666663 0.01318359375 0.0234375
0 0.992431640625 0.5 0.01318359375 0.0234375
0 0.994873046875 0.4593098958333333 0.00830078125 0.022786458333333332
0 0.808349609375 0.8196614583333333 0.01611328125 0.02734375
0 0.491943359375 0.5699869791666666 0.02392578125 0.030598958333333332
0 0.55810546875 0.8854166666666666 0.0224609375 0.033854166666666664
0 0.992431640625 0.896484375 0.01416015625 0.02734375
0 0.994140625 0.9303385416666666 0.0107421875 0.024739583333333332
