0 0.395751953125 0.23404947916666666 0.02392578125 0.031901041666666664
0 0.5087890625 0.576171875 0.0224609375 0.03125
0 0.5673828125 0.8837890625 0.0224609375 0.033203125
0 0.818115234375 0.8206380208333333 0.01708984375 0.029296875
0 0.991943359375 0.89453125 0.01220703125 0.02734375
0 0.994140625 0.9303385416666666 0.0107421875 0.026041666666666664
0 0.831787109375 0.3232421875 0.01513671875 0.024088541666666664
0 0.95654296875 0.3098958333333333 0.0126953125 0.022135416666666664
0 0.97509765625 0.314453125 0.013671875 0.020833333333333332
0 0.992919921875 0.31803385416666663 0.01123046875 0.020182291666666664
0 0.971435546875 0.49088541666666663 0.01416015625 0.024739583333333332
0 0.992431640625 0.5006510416666666 0.01220703125 0.0234375
0 0.9951171875 0.45865885416666663 0.0087890625 0.021484375
