0 0.395263671875 0.2333984375 0.02490234375 0.031901041666666664
0 0.5302734375 0.5849609375 0.0234375 0.031901041666666664
0 0.57958984375 0.8824869791666666 0.0224609375 0.031901041666666664
0 0.83056640625 0.8229166666666666 0.0166015625 0.028645833333333332
0 0.831298828125 0.3232421875 0.01513671875 0.026692708333333332
0 0.95654296875 0.30924479166666663 0.013671875 0.026041666666666664
0 0.974853515625 0.31412760416666663 0.01416015625 0.024088541666666664
0 0.9931640625 0.3167317708333333 0.0126953125 0.024088541666666664
0 0.9716796875 0.4905598958333333 0.013671875 0.025390625
0 0.994873046875 0.45865885416666663 0.00927734375 0.024088541666666664
0 0.992431640625 0.5006510416666666 0.01318359375 0.024739583333333332
0 0.99169921875 0.89453125 0.013671875 0.02734375
0 0.994140625 0.9306640625 0.0107421875 0.029296875
