0 0.681640625 0.8821614583333333 0.03125 0.03515625
0 0.482421875 0.43033854166666663 0.0263671875 0.03645833333333333
0 0.44921875 0.068359375 0.0244140625 0.03515625
0 0.1259765625 0.33365885416666663 0.015625 0.030598958333333332
0 0.04638671875 0.2109375 0.013671875 0.026041666666666664
0 0.029052734375 0.20670572916666666 0.01513671875 0.025390625
0 0.010986328125 0.20833333333333331 0.01416015625 0.02734375
0 0.294921875 0.7981770833333333 0.0205078125 0.03515625
0 0.4072265625 0.8212890625 0.0224609375 0.033203125
0 0.131103515625 0.7682291666666666 0.01220703125 0.029947916666666664
0 0.1005859375 0.7623697916666666 0.0126953125 0.028645833333333332
0 0.08056640625 0.7555338541666666 0.015625 0.031901041666666664
0 0.061279296875 0.7552083333333333 0.01416015625 0.02734375
0 0.043212890625 0.7516276041666666 0.01513671875 0.026692708333333332
0 0.02587890625 0.7477213541666666 0.009765625 0.027994791666666664
0 0.008056640625 0.744140625 0.01220703125 0.028645833333333332
0 0.027099609375 0.7936197916666666 0.01416015625 0.029947916666666664
