0 0.033203125 0.09765625 0.037109375 0.04296875
0 0.06396484375 0.14778645833333331 0.037109375 0.04427083333333333
0 0.080810546875 0.0927734375 0.03466796875 0.041015625
0 0.128173828125 0.12239583333333333 0.03369140625 0.04036458333333333
0 0.168212890625 0.10807291666666666 0.03173828125 0.037760416666666664
0 0.211669921875 0.12337239583333333 0.03076171875 0.035807291666666664
0 0.25048828125 0.1484375 0.029296875 0.03515625
0 0.376220703125 0.34049479166666663 0.02490234375 0.033854166666666664
0 0.046630859375 0.6669921875 0.03857421875 0.041015625
0 0.018310546875 0.7750651041666666 0.03662109375 0.041015625
0 0.01806640625 0.912109375 0.0361328125 0.04036458333333333
0 0.0673828125 0.9020182291666666 0.0361328125 0.03841145833333333
0 0.111083984375 0.9635416666666666 0.03369140625 0.0390625
0 0.114990234375 0.8932291666666666 0.03466796875 0.037760416666666664
0 0.16015625 0.884765625 0.0322265625 0.037760416666666664
0 0.203125 0.8763020833333333 0.03125 0.03645833333333333
0 0.24365234375 0.8629557291666666 0.029296875 0.037109375
0 0.28466796875 0.8610026041666666 0.02734375 0.035807291666666664
0 0.34033203125 0.8483072916666666 0.0244140625 0.03255208333333333
0 0.548583984375 0.8076171875 0.01904296875 0.029296875
0 0.642333984375 0.7923177083333333 0.01611328125 0.02734375
0 0.78759765625 0.767578125 0.01171875 0.0234375
0 0.705810546875 0.49772135416666663 0.01416015625 0.025390625
0 0.69921875 0.248046875 0.0146484375 0.02734375
