0 0.3955078125 0.23372395833333331 0.0244140625 0.029947916666666664
0 0.627685546875 0.875 0.02099609375 0.03125
0 0.61767578125 0.6175130208333333 0.01953125 0.029296875
0 0.831787109375 0.3251953125 0.01806640625 0.027994791666666664
0 0.882568359375 0.83203125 0.01611328125 0.028645833333333332
0 0.956298828125 0.3098958333333333 0.01318359375 0.0234375
0 0.97509765625 0.3138020833333333 0.0126953125 0.022135416666666664
0 0.99169921875 0.31803385416666663 0.0107421875 0.024088541666666664
0 0.9951171875 0.45768229166666663 0.0087890625 0.0234375
0 0.971923828125 0.4912109375 0.01416015625 0.024088541666666664
0 0.992919921875 0.5009765625 0.01318359375 0.024088541666666664
0 0.992919921875 0.8958333333333333 0.01318359375 0.02734375
0 0.994140625 0.9280598958333333 0.009765625 0.022786458333333332
