0 0.6298828125 0.8743489583333333 0.0205078125 0.03125
0 0.622802734375 0.6201171875 0.01904296875 0.027994791666666664
0 0.395263671875 0.23307291666666666 0.02392578125 0.03125
0 0.83154296875 0.322265625 0.015625 0.0234375
0 0.9560546875 0.310546875 0.0126953125 0.022135416666666664
0 0.885009765625 0.8326822916666666 0.01611328125 0.029947916666666664
0 0.994140625 0.9309895833333333 0.0087890625 0.029947916666666664
0 0.9931640625 0.89453125 0.01171875 0.028645833333333332
0 0.974609375 0.3138020833333333 0.013671875 0.01953125
0 0.99267578125 0.31901041666666663 0.01171875 0.020833333333333332
0 0.971923828125 0.490234375 0.01416015625 0.024739583333333332
0 0.9951171875 0.458984375 0.0087890625 0.0234375
0 0.992919921875 0.5006510416666666 0.01318359375 0.024739583333333332
