0 0.038818359375 0.3860677083333333 0.03369140625 0.033854166666666664
0 0.163818359375 0.3147786458333333 0.02685546875 0.039713541666666664
0 0.449951171875 0.16959635416666666 0.02099609375 0.03841145833333333
0 0.181396484375 0.7802734375 0.02783203125 0.029296875
0 0.236083984375 0.8479817708333333 0.02978515625 0.03450520833333333
0 0.6142578125 0.8043619791666666 0.0166015625 0.027994791666666664
0 0.638427734375 0.45279947916666663 0.02197265625 0.027994791666666664
0 0.681396484375 0.5725911458333333 0.01806640625 0.024088541666666664
0 0.729736328125 0.45279947916666663 0.01513671875 0.027994791666666664
0 0.778076171875 0.3583984375 0.01806640625 0.030598958333333332
