0 0.017822265625 0.9117838541666666 0.03564453125 0.041015625
0 0.0673828125 0.9020182291666666 0.0361328125 0.041015625
0 0.114990234375 0.8929036458333333 0.03466796875 0.03841145833333333
0 0.11083984375 0.9632161458333333 0.0341796875 0.03841145833333333
0 0.159912109375 0.884765625 0.03271484375 0.037760416666666664
0 0.202392578125 0.8766276041666666 0.02978515625 0.035807291666666664
0 0.243896484375 0.8629557291666666 0.02978515625 0.035807291666666664
0 0.28466796875 0.8610026041666666 0.02734375 0.03450520833333333
0 0.59912109375 0.48014322916666663 0.017578125 0.027994791666666664
0 0.63525390625 0.5074869791666666 0.0166015625 0.026692708333333332
0 0.65185546875 0.5865885416666666 0.0166015625 0.02734375
0 0.90234375 0.42447916666666663 0.0107421875 0.020833333333333332
0 0.798828125 0.7679036458333333 0.01171875 0.022786458333333332
0 0.898193359375 0.6907552083333333 0.01025390625 0.022135416666666664
0 0.916259765625 0.7320963541666666 0.00927734375 0.021484375
0 0.251220703125 0.1484375 0.02783203125 0.03645833333333333
0 0.2119140625 0.12369791666666666 0.0302734375 0.03645833333333333
0 0.16845703125 0.10807291666666666 0.03125 0.0390625
0 0.1279296875 0.12272135416666666 0.0341796875 0.03841145833333333
0 0.0810546875 0.09342447916666666 0.03515625 0.03841145833333333
0 0.033203125 0.09765625 0.0390625 0.041666666666666664
0 0.0224609375 0.15364583333333331 0.0380859375 0.041666666666666664
