0 0.00927734375 0.7438151041666666 0.0126953125 0.025390625
0 0.02587890625 0.7467447916666666 0.0126953125 0.026041666666666664
0 0.04345703125 0.7513020833333333 0.013671875 0.026041666666666664
0 0.0615234375 0.7552083333333333 0.013671875 0.02734375
0 0.079833984375 0.7545572916666666 0.01416015625 0.02734375
0 0.1005859375 0.7626953125 0.015625 0.027994791666666664
0 0.0283203125 0.79296875 0.0126953125 0.024739583333333332
0 0.326904296875 0.4280598958333333 0.02197265625 0.03450520833333333
0 0.37353515625 0.45703125 0.0234375 0.03515625
0 0.4033203125 0.5579427083333333 0.0234375 0.03645833333333333
0 0.712890625 0.8922526041666666 0.0322265625 0.04231770833333333
0 0.04638671875 0.21126302083333331 0.015625 0.027994791666666664
0 0.02734375 0.20638020833333331 0.015625 0.026041666666666664
0 0.010009765625 0.208984375 0.01416015625 0.026041666666666664
