0 0.01123046875 0.2099609375 0.0146484375 0.024088541666666664
0 0.028076171875 0.20670572916666666 0.01416015625 0.027994791666666664
0 0.047119140625 0.21223958333333331 0.01416015625 0.026041666666666664
0 0.0009765625 0.232421875 0.001953125 0.020833333333333332
0 0.00927734375 0.7431640625 0.0126953125 0.027994791666666664
0 0.02587890625 0.7470703125 0.0126953125 0.025390625
0 0.04345703125 0.7506510416666666 0.013671875 0.026041666666666664
0 0.02783203125 0.7926432291666666 0.0126953125 0.026692708333333332
0 0.061279296875 0.7552083333333333 0.01318359375 0.026041666666666664
0 0.079833984375 0.75390625 0.01318359375 0.028645833333333332
0 0.10009765625 0.7613932291666666 0.015625 0.025390625
0 0.13232421875 0.7669270833333333 0.0146484375 0.028645833333333332
0 0.294921875 0.7975260416666666 0.0205078125 0.03255208333333333
0 0.40673828125 0.8216145833333333 0.0224609375 0.03515625
0 0.681396484375 0.8828125 0.03271484375 0.04036458333333333
0 0.126953125 0.3330078125 0.0146484375 0.030598958333333332
0 0.482177734375 0.4309895833333333 0.02587890625 0.037760416666666664
0 0.449462890625 0.06901041666666666 0.02587890625 0.04036458333333333
