0 0.395751953125 0.23404947916666666 0.02392578125 0.031901041666666664
0 0.669189453125 0.8675130208333333 0.02099609375 0.031901041666666664
0 0.696533203125 0.6477864583333333 0.01806640625 0.02734375
0 0.83203125 0.3232421875 0.015625 0.026692708333333332
0 0.9560546875 0.3098958333333333 0.0126953125 0.0234375
0 0.9755859375 0.31412760416666663 0.013671875 0.025390625
0 0.993408203125 0.318359375 0.01220703125 0.022135416666666664
0 0.97119140625 0.4905598958333333 0.013671875 0.025390625
0 0.995361328125 0.4580078125 0.00830078125 0.025390625
0 0.9931640625 0.5003255208333333 0.0126953125 0.025390625
0 0.929931640625 0.8411458333333333 0.01611328125 0.028645833333333332
0 0.991943359375 0.89453125 0.01318359375 0.02734375
0 0.99462890625 0.9300130208333333 0.009765625 0.024088541666666664
