0 0.680419921875 0.8649088541666666 0.02001953125 0.031901041666666664
0 0.719970703125 0.6559244791666666 0.01904296875 0.027994791666666664
0 0.395751953125 0.23372395833333331 0.02392578125 0.03125
0 0.83203125 0.32389322916666663 0.015625 0.025390625
0 0.956787109375 0.31119791666666663 0.01416015625 0.0234375
0 0.97509765625 0.31412760416666663 0.013671875 0.024088541666666664
0 0.9921875 0.3186848958333333 0.01171875 0.022786458333333332
0 0.971435546875 0.49088541666666663 0.01416015625 0.024739583333333332
0 0.992919921875 0.5003255208333333 0.01318359375 0.024088541666666664
0 0.9951171875 0.45865885416666663 0.0087890625 0.022786458333333332
0 0.94189453125 0.8424479166666666 0.013671875 0.02734375
0 0.99267578125 0.89453125 0.013671875 0.02734375
0 0.994140625 0.9309895833333333 0.0107421875 0.026041666666666664
