0 0.395263671875 0.2333984375 0.02294921875 0.030598958333333332
0 0.705322265625 0.8606770833333333 0.01904296875 0.03125
0 0.771240234375 0.6770833333333333 0.01708984375 0.028645833333333332
0 0.831298828125 0.3232421875 0.01416015625 0.025390625
0 0.95654296875 0.31022135416666663 0.013671875 0.022786458333333332
0 0.97509765625 0.314453125 0.0146484375 0.022135416666666664
0 0.9921875 0.31901041666666663 0.01171875 0.0234375
0 0.9951171875 0.458984375 0.0087890625 0.0234375
0 0.971923828125 0.4912109375 0.01416015625 0.022786458333333332
0 0.99267578125 0.5006510416666666 0.0126953125 0.026041666666666664
0 0.97216796875 0.8483072916666666 0.015625 0.02734375
0 0.991943359375 0.8938802083333333 0.01220703125 0.02734375
0 0.99462890625 0.9287109375 0.009765625 0.024088541666666664
