0 0.3955078125 0.232421875 0.0234375 0.03125
0 0.83203125 0.32194010416666663 0.0146484375 0.025390625
0 0.95703125 0.30859375 0.0126953125 0.0234375
0 0.974853515625 0.314453125 0.01220703125 0.022135416666666664
0 0.992431640625 0.3177083333333333 0.01220703125 0.022135416666666664
0 0.9951171875 0.4583333333333333 0.0087890625 0.022135416666666664
0 0.971435546875 0.48990885416666663 0.01220703125 0.021484375
0 0.99267578125 0.49967447916666663 0.01171875 0.024088541666666664
0 0.77978515625 0.6790364583333333 0.017578125 0.026041666666666664
0 0.97607421875 0.8489583333333333 0.013671875 0.02734375
0 0.70947265625 0.8597005208333333 0.0185546875 0.033203125
0 0.992919921875 0.8932291666666666 0.01318359375 0.024739583333333332
