0 0.681640625 0.8815104166666666 0.03125 0.04036458333333333
0 0.4072265625 0.8212890625 0.021484375 0.031901041666666664
0 0.294921875 0.7978515625 0.01953125 0.030598958333333332
0 0.48291015625 0.4306640625 0.02734375 0.03841145833333333
0 0.448974609375 0.0693359375 0.02587890625 0.03841145833333333
0 0.127197265625 0.333984375 0.01708984375 0.03125
0 0.1318359375 0.7672526041666666 0.013671875 0.026692708333333332
0 0.100830078125 0.7630208333333333 0.01513671875 0.02734375
0 0.079833984375 0.7545572916666666 0.01416015625 0.02734375
0 0.02783203125 0.7936197916666666 0.013671875 0.026041666666666664
0 0.06103515625 0.7548828125 0.0126953125 0.027994791666666664
0 0.04345703125 0.7509765625 0.0126953125 0.025390625
0 0.025390625 0.7477213541666666 0.0126953125 0.025390625
0 0.008544921875 0.7434895833333333 0.01220703125 0.026041666666666664
0 0.04736328125 0.21126302083333331 0.015625 0.025390625
0 0.02978515625 0.20703125 0.015625 0.024739583333333332
0 0.01220703125 0.21061197916666666 0.0146484375 0.024088541666666664
