0 0.06494140625 0.1494140625 0.0361328125 0.043619791666666664
0 0.033447265625 0.09830729166666666 0.03759765625 0.04296875
0 0.08203125 0.09407552083333333 0.0341796875 0.043619791666666664
0 0.128173828125 0.12337239583333333 0.03466796875 0.04231770833333333
0 0.168212890625 0.10904947916666666 0.03271484375 0.039713541666666664
0 0.21240234375 0.1240234375 0.0302734375 0.035807291666666664
0 0.251220703125 0.14811197916666666 0.02880859375 0.035807291666666664
0 0.013916015625 0.6155598958333333 0.02783203125 0.041015625
0 0.01806640625 0.7750651041666666 0.0361328125 0.041015625
0 0.01806640625 0.9124348958333333 0.0361328125 0.041015625
0 0.0673828125 0.90234375 0.037109375 0.041666666666666664
0 0.115234375 0.8935546875 0.0341796875 0.03841145833333333
0 0.16015625 0.884765625 0.033203125 0.037760416666666664
0 0.202880859375 0.8763020833333333 0.03173828125 0.03645833333333333
0 0.24365234375 0.8629557291666666 0.0283203125 0.035807291666666664
0 0.111083984375 0.9635416666666666 0.03466796875 0.0390625
0 0.28466796875 0.8606770833333333 0.0283203125 0.03515625
0 0.3408203125 0.8489583333333333 0.0244140625 0.033854166666666664
0 0.549072265625 0.80859375 0.01904296875 0.028645833333333332
0 0.64306640625 0.7919921875 0.0166015625 0.025390625
0 0.787353515625 0.7685546875 0.01220703125 0.022786458333333332
0 0.70556640625 0.4983723958333333 0.0146484375 0.025390625
0 0.698974609375 0.24934895833333331 0.01416015625 0.026041666666666664
0 0.376708984375 0.3401692708333333 0.02490234375 0.031901041666666664
