0 0.01806640625 0.9130859375 0.03515625 0.039713541666666664
0 0.06640625 0.9029947916666666 0.0390625 0.041666666666666664
0 0.115478515625 0.8942057291666666 0.03564453125 0.037109375
0 0.11083984375 0.9632161458333333 0.033203125 0.039713541666666664
0 0.158935546875 0.8860677083333333 0.03271484375 0.04036458333333333
0 0.203857421875 0.8779296875 0.02978515625 0.04231770833333333
0 0.241943359375 0.8642578125 0.02978515625 0.037109375
0 0.28515625 0.8600260416666666 0.0263671875 0.037760416666666664
0 0.01806640625 0.7763671875 0.0302734375 0.041015625
0 0.014404296875 0.615234375 0.02587890625 0.041666666666666664
0 0.34033203125 0.8463541666666666 0.0205078125 0.028645833333333332
0 0.548095703125 0.8072916666666666 0.01318359375 0.026041666666666664
0 0.640625 0.7932942708333333 0.013671875 0.021484375
0 0.78515625 0.767578125 0.0126953125 0.01953125
0 0.005859375 0.12760416666666666 0.01171875 0.03255208333333333
0 0.03515625 0.09700520833333333 0.029296875 0.041666666666666664
0 0.082275390625 0.09375 0.03369140625 0.0390625
0 0.064697265625 0.14680989583333331 0.03759765625 0.041015625
0 0.12744140625 0.12076822916666666 0.03125 0.03450520833333333
0 0.16943359375 0.10872395833333333 0.029296875 0.037760416666666664
0 0.211181640625 0.12337239583333333 0.02978515625 0.03450520833333333
0 0.251220703125 0.1494140625 0.02685546875 0.031901041666666664
0 0.37646484375 0.33984375 0.0244140625 0.03255208333333333
0 0.705810546875 0.49772135416666663 0.01318359375 0.022786458333333332
0 0.699951171875 0.248046875 0.01220703125 0.029947916666666664
