0 0.017822265625 0.9117838541666666 0.03271484375 0.039713541666666664
0 0.068115234375 0.9036458333333333 0.03564453125 0.041666666666666664
0 0.115234375 0.8938802083333333 0.0322265625 0.0390625
0 0.111083984375 0.9651692708333333 0.03564453125 0.039713541666666664
0 0.16015625 0.884765625 0.03515625 0.037760416666666664
0 0.203125 0.876953125 0.03125 0.0390625
0 0.242919921875 0.86328125 0.02978515625 0.03515625
0 0.2841796875 0.8606770833333333 0.02734375 0.03515625
0 0.017822265625 0.7750651041666666 0.03564453125 0.039713541666666664
0 0.013916015625 0.6162109375 0.02783203125 0.039713541666666664
0 0.340087890625 0.8486328125 0.02392578125 0.033203125
0 0.005126953125 0.13020833333333331 0.01025390625 0.03255208333333333
0 0.032470703125 0.09733072916666666 0.03759765625 0.041015625
0 0.08203125 0.09342447916666666 0.0341796875 0.041015625
0 0.06396484375 0.14811197916666666 0.0380859375 0.04231770833333333
0 0.12744140625 0.123046875 0.0341796875 0.0390625
0 0.167724609375 0.10807291666666666 0.02978515625 0.0390625
0 0.21142578125 0.12369791666666666 0.029296875 0.03645833333333333
0 0.251220703125 0.14908854166666666 0.02783203125 0.037760416666666664
0 0.375732421875 0.33984375 0.02490234375 0.03255208333333333
0 0.698974609375 0.248046875 0.01318359375 0.02734375
0 0.54833984375 0.8079427083333333 0.0185546875 0.028645833333333332
0 0.64208984375 0.7926432291666666 0.017578125 0.026692708333333332
0 0.787109375 0.7672526041666666 0.0078125 0.020182291666666664
0 0.70556640625 0.4983723958333333 0.015625 0.025390625
