0 0.39501953125 0.23372395833333331 0.0244140625 0.03125
0 0.78662109375 0.84375 0.0185546875 0.03125
0 0.9541015625 0.7473958333333333 0.0146484375 0.026041666666666664
0 0.8310546875 0.32421875 0.0146484375 0.026041666666666664
0 0.95654296875 0.30924479166666663 0.013671875 0.020833333333333332
0 0.975830078125 0.31412760416666663 0.01513671875 0.022786458333333332
0 0.992431640625 0.31803385416666663 0.01220703125 0.022786458333333332
0 0.9951171875 0.45865885416666663 0.0087890625 0.022786458333333332
0 0.97119140625 0.49088541666666663 0.013671875 0.022135416666666664
0 0.992919921875 0.5013020833333333 0.01318359375 0.024739583333333332
0 0.9921875 0.8942057291666666 0.013671875 0.026692708333333332
0 0.994140625 0.9287109375 0.009765625 0.022786458333333332
