0 0.787109375 0.7679036458333333 0.0126953125 0.022786458333333332
0 0.64208984375 0.7923177083333333 0.0166015625 0.02734375
0 0.548828125 0.8082682291666666 0.01953125 0.029296875
0 0.70556640625 0.4983723958333333 0.0146484375 0.025390625
0 0.69921875 0.24772135416666666 0.0146484375 0.026692708333333332
0 0.3759765625 0.33984375 0.025390625 0.033854166666666664
0 0.340087890625 0.84765625 0.02587890625 0.033854166666666664
0 0.284423828125 0.8600260416666666 0.02783203125 0.03645833333333333
0 0.2431640625 0.8626302083333333 0.029296875 0.03645833333333333
0 0.202880859375 0.8763020833333333 0.03076171875 0.037760416666666664
0 0.16015625 0.8841145833333333 0.0322265625 0.037760416666666664
0 0.114990234375 0.892578125 0.03466796875 0.0390625
0 0.066650390625 0.9013671875 0.03662109375 0.041015625
0 0.018310546875 0.7737630208333333 0.03662109375 0.041015625
0 0.017822265625 0.9114583333333333 0.03564453125 0.041666666666666664
0 0.1103515625 0.9632161458333333 0.03515625 0.039713541666666664
0 0.013916015625 0.615234375 0.02783203125 0.04036458333333333
0 0.00537109375 0.1298828125 0.0107421875 0.037109375
0 0.0322265625 0.0966796875 0.0390625 0.043619791666666664
0 0.063720703125 0.14778645833333331 0.03857421875 0.04296875
0 0.080810546875 0.09244791666666666 0.03759765625 0.041666666666666664
0 0.12744140625 0.12239583333333333 0.0361328125 0.041666666666666664
0 0.16748046875 0.107421875 0.0322265625 0.04036458333333333
0 0.2109375 0.12272135416666666 0.0322265625 0.039713541666666664
0 0.250732421875 0.14908854166666666 0.02978515625 0.03645833333333333
