0 0.028076171875 0.7932942708333333 0.01318359375 0.026692708333333332
0 0.0087890625 0.7444661458333333 0.013671875 0.026692708333333332
0 0.02587890625 0.7477213541666666 0.013671875 0.025390625
0 0.04345703125 0.751953125 0.013671875 0.02734375
0 0.0615234375 0.755859375 0.0146484375 0.02734375
0 0.079345703125 0.7545572916666666 0.01611328125 0.028645833333333332
0 0.100341796875 0.7630208333333333 0.01611328125 0.02734375
0 0.010009765625 0.21028645833333331 0.01513671875 0.028645833333333332
0 0.0283203125 0.20670572916666666 0.0146484375 0.025390625
0 0.047119140625 0.21126302083333331 0.01513671875 0.025390625
0 0.327392578125 0.42740885416666663 0.02099609375 0.03450520833333333
0 0.374267578125 0.4560546875 0.02294921875 0.03450520833333333
0 0.4052734375 0.5598958333333333 0.0234375 0.03515625
0 0.712646484375 0.8922526041666666 0.03369140625 0.041015625
