0 0.01806640625 0.9124348958333333 0.0341796875 0.041015625
0 0.066650390625 0.9026692708333333 0.03759765625 0.039713541666666664
0 0.114501953125 0.8938802083333333 0.03564453125 0.041666666666666664
0 0.1103515625 0.9635416666666666 0.0361328125 0.04036458333333333
0 0.16015625 0.8854166666666666 0.033203125 0.041666666666666664
0 0.202392578125 0.8772786458333333 0.03271484375 0.039713541666666664
0 0.2431640625 0.8629557291666666 0.0302734375 0.03841145833333333
0 0.284912109375 0.8610026041666666 0.03076171875 0.035807291666666664
0 0.599365234375 0.4798177083333333 0.02001953125 0.029947916666666664
0 0.635498046875 0.5078125 0.01611328125 0.03125
0 0.653076171875 0.5885416666666666 0.02001953125 0.029947916666666664
0 0.898193359375 0.69140625 0.01123046875 0.024739583333333332
0 0.799072265625 0.7669270833333333 0.01220703125 0.026041666666666664
0 0.9169921875 0.7307942708333333 0.009765625 0.024088541666666664
0 0.902099609375 0.4228515625 0.01220703125 0.021484375
0 0.251708984375 0.14778645833333331 0.03076171875 0.04296875
0 0.02392578125 0.15462239583333331 0.0390625 0.043619791666666664
0 0.034423828125 0.09733072916666666 0.03759765625 0.039713541666666664
0 0.082275390625 0.091796875 0.03857421875 0.04036458333333333
0 0.12841796875 0.12239583333333333 0.0341796875 0.04036458333333333
0 0.168701171875 0.10904947916666666 0.03369140625 0.037109375
0 0.212890625 0.12434895833333333 0.0302734375 0.03645833333333333
