0 0.033447265625 0.0986328125 0.03759765625 0.043619791666666664
0 0.06396484375 0.14876302083333331 0.037109375 0.043619791666666664
0 0.081298828125 0.0947265625 0.03564453125 0.04231770833333333
0 0.128173828125 0.1240234375 0.03466796875 0.04231770833333333
0 0.168701171875 0.10872395833333333 0.03271484375 0.0390625
0 0.212158203125 0.12532552083333331 0.03076171875 0.037109375
0 0.2509765625 0.14811197916666666 0.0302734375 0.035807291666666664
0 0.013427734375 0.6158854166666666 0.02685546875 0.041666666666666664
0 0.018310546875 0.7740885416666666 0.03662109375 0.04036458333333333
0 0.017822265625 0.9124348958333333 0.03564453125 0.04231770833333333
0 0.0673828125 0.9020182291666666 0.037109375 0.041015625
0 0.114990234375 0.8932291666666666 0.03369140625 0.0390625
0 0.16015625 0.8850911458333333 0.0322265625 0.03841145833333333
0 0.202880859375 0.8766276041666666 0.03076171875 0.037109375
0 0.24365234375 0.8629557291666666 0.029296875 0.037109375
0 0.110595703125 0.9632161458333333 0.03466796875 0.03841145833333333
0 0.284423828125 0.8606770833333333 0.02783203125 0.03515625
0 0.34033203125 0.8483072916666666 0.0244140625 0.03255208333333333
0 0.37646484375 0.3408203125 0.0244140625 0.033203125
0 0.548828125 0.8079427083333333 0.0185546875 0.028645833333333332
0 0.641845703125 0.7923177083333333 0.01611328125 0.026041666666666664
0 0.787109375 0.7682291666666666 0.0126953125 0.0234375
0 0.70556640625 0.498046875 0.0146484375 0.026041666666666664
0 0.69921875 0.24934895833333331 0.015625 0.024739583333333332
