0 0.00830078125 0.7438151041666666 0.0126953125 0.024088541666666664
0 0.02587890625 0.7473958333333333 0.01171875 0.024739583333333332
0 0.04345703125 0.7516276041666666 0.013671875 0.025390625
0 0.02783203125 0.7926432291666666 0.01171875 0.025390625
0 0.061279296875 0.7548828125 0.01318359375 0.026692708333333332
0 0.07958984375 0.7548828125 0.013671875 0.025390625
0 0.1005859375 0.7623697916666666 0.013671875 0.026041666666666664
0 0.131591796875 0.7669270833333333 0.01416015625 0.026041666666666664
0 0.294921875 0.7972005208333333 0.01953125 0.030598958333333332
0 0.406494140625 0.8219401041666666 0.02294921875 0.031901041666666664
0 0.681640625 0.880859375 0.03125 0.0390625
0 0.12646484375 0.3333333333333333 0.015625 0.029947916666666664
0 0.449462890625 0.068359375 0.02685546875 0.0390625
0 0.046875 0.2119140625 0.0126953125 0.026692708333333332
0 0.028076171875 0.2060546875 0.01318359375 0.026692708333333332
0 0.010009765625 0.20865885416666666 0.01318359375 0.026692708333333332
0 0.482177734375 0.4309895833333333 0.02587890625 0.037760416666666664
