0 0.009033203125 0.20670572916666666 0.01123046875 0.025390625
0 0.02880859375 0.20865885416666666 0.0107421875 0.025390625
0 0.046875 0.208984375 0.0126953125 0.024739583333333332
0 0.126708984375 0.333984375 0.01318359375 0.029947916666666664
0 0.00927734375 0.7438151041666666 0.0107421875 0.024088541666666664
0 0.025634765625 0.7477213541666666 0.01123046875 0.025390625
0 0.043701171875 0.7516276041666666 0.01220703125 0.026692708333333332
0 0.06103515625 0.7561848958333333 0.0126953125 0.025390625
0 0.08056640625 0.7545572916666666 0.013671875 0.026041666666666664
0 0.100830078125 0.7633463541666666 0.01416015625 0.026692708333333332
0 0.131591796875 0.767578125 0.01318359375 0.028645833333333332
0 0.0283203125 0.7923177083333333 0.0126953125 0.0234375
0 0.295166015625 0.7965494791666666 0.01806640625 0.030598958333333332
0 0.4072265625 0.822265625 0.021484375 0.03255208333333333
0 0.681640625 0.8824869791666666 0.03125 0.039713541666666664
0 0.48193359375 0.43131510416666663 0.0244140625 0.03841145833333333
0 0.449462890625 0.06998697916666666 0.02392578125 0.03450520833333333
