0 0.064697265625 0.14876302083333331 0.03662109375 0.04231770833333333
0 0.033203125 0.09830729166666666 0.0380859375 0.04296875
0 0.0830078125 0.09375 0.0361328125 0.04296875
0 0.128173828125 0.12369791666666666 0.03369140625 0.041666666666666664
0 0.16845703125 0.109375 0.0322265625 0.0390625
0 0.212158203125 0.12532552083333331 0.03076171875 0.037109375
0 0.252197265625 0.1484375 0.02880859375 0.04036458333333333
0 0.013427734375 0.6165364583333333 0.02685546875 0.04296875
0 0.018310546875 0.7750651041666666 0.03662109375 0.041015625
0 0.01806640625 0.9127604166666666 0.03515625 0.041666666666666664
0 0.067138671875 0.9020182291666666 0.03662109375 0.039713541666666664
0 0.115478515625 0.8935546875 0.03466796875 0.039713541666666664
0 0.160400390625 0.8850911458333333 0.03271484375 0.039713541666666664
0 0.20263671875 0.8772786458333333 0.03125 0.037109375
0 0.24365234375 0.8626302083333333 0.029296875 0.03515625
0 0.284423828125 0.8610026041666666 0.02880859375 0.035807291666666664
0 0.111083984375 0.9638671875 0.03466796875 0.03841145833333333
0 0.34033203125 0.8486328125 0.0244140625 0.033203125
0 0.549072265625 0.8079427083333333 0.01904296875 0.028645833333333332
0 0.64208984375 0.7919921875 0.0166015625 0.026692708333333332
0 0.705810546875 0.498046875 0.01513671875 0.026041666666666664
0 0.69921875 0.2490234375 0.015625 0.027994791666666664
0 0.376708984375 0.3401692708333333 0.02392578125 0.033203125
0 0.787353515625 0.7679036458333333 0.01318359375 0.022786458333333332
