0 0.004150390625 0.134765625 0.00830078125 0.022135416666666664
0 0.033203125 0.09700520833333333 0.03515625 0.037760416666666664
0 0.064697265625 0.14811197916666666 0.03662109375 0.039713541666666664
0 0.082275390625 0.09375 0.03173828125 0.037760416666666664
0 0.1279296875 0.123046875 0.0341796875 0.0390625
0 0.16943359375 0.10872395833333333 0.029296875 0.037760416666666664
0 0.21142578125 0.12532552083333331 0.02734375 0.03450520833333333
0 0.251708984375 0.14811197916666666 0.02490234375 0.030598958333333332
0 0.013916015625 0.6155598958333333 0.02783203125 0.041015625
0 0.018310546875 0.7744140625 0.03662109375 0.041015625
0 0.018310546875 0.9117838541666666 0.03369140625 0.041015625
0 0.06640625 0.9013671875 0.037109375 0.041015625
0 0.1162109375 0.8932291666666666 0.0322265625 0.037760416666666664
0 0.11083984375 0.9635416666666666 0.033203125 0.037760416666666664
0 0.160400390625 0.8850911458333333 0.03271484375 0.03841145833333333
0 0.202880859375 0.8759765625 0.03173828125 0.037109375
0 0.243408203125 0.8629557291666666 0.02978515625 0.037109375
0 0.28466796875 0.8600260416666666 0.02734375 0.03645833333333333
0 0.340576171875 0.84765625 0.02587890625 0.033854166666666664
0 0.548828125 0.8079427083333333 0.0185546875 0.029947916666666664
0 0.642333984375 0.7919921875 0.01611328125 0.026692708333333332
0 0.786865234375 0.7685546875 0.01220703125 0.021484375
0 0.70556640625 0.498046875 0.013671875 0.024739583333333332
0 0.699462890625 0.248046875 0.01220703125 0.024739583333333332
0 0.376708984375 0.3408203125 0.02587890625 0.03450520833333333
