0 0.6806640625 0.8821614583333333 0.0302734375 0.04036458333333333
0 0.44921875 0.068359375 0.025390625 0.041666666666666664
0 0.482177734375 0.43033854166666663 0.02587890625 0.03645833333333333
0 0.294921875 0.7978515625 0.01953125 0.030598958333333332
0 0.4072265625 0.8216145833333333 0.0224609375 0.03255208333333333
0 0.126708984375 0.3333333333333333 0.01611328125 0.028645833333333332
0 0.00927734375 0.744140625 0.0126953125 0.026041666666666664
0 0.026123046875 0.7477213541666666 0.01220703125 0.024088541666666664
0 0.04345703125 0.7513020833333333 0.013671875 0.026041666666666664
0 0.06201171875 0.7552083333333333 0.013671875 0.026041666666666664
0 0.080078125 0.75390625 0.013671875 0.02734375
0 0.10107421875 0.7633463541666666 0.0146484375 0.026692708333333332
0 0.132568359375 0.7672526041666666 0.01513671875 0.026692708333333332
0 0.02783203125 0.7926432291666666 0.01171875 0.026692708333333332
0 0.01025390625 0.208984375 0.013671875 0.02734375
0 0.0283203125 0.20572916666666666 0.013671875 0.026041666666666664
0 0.046875 0.21061197916666666 0.0146484375 0.027994791666666664
