0 0.004638671875 0.13248697916666666 0.00927734375 0.030598958333333332
0 0.033203125 0.09798177083333333 0.0341796875 0.04231770833333333
0 0.064697265625 0.14778645833333331 0.03466796875 0.04036458333333333
0 0.0810546875 0.09440104166666666 0.0322265625 0.0390625
0 0.12890625 0.123046875 0.033203125 0.04036458333333333
0 0.168212890625 0.1083984375 0.02880859375 0.03841145833333333
0 0.211669921875 0.12467447916666666 0.02978515625 0.03450520833333333
0 0.250732421875 0.14908854166666666 0.02685546875 0.037760416666666664
0 0.37646484375 0.3411458333333333 0.0244140625 0.033854166666666664
0 0.013916015625 0.6158854166666666 0.02685546875 0.037760416666666664
0 0.01806640625 0.7744140625 0.03515625 0.039713541666666664
0 0.01806640625 0.9117838541666666 0.033203125 0.039713541666666664
0 0.067138671875 0.9013671875 0.03564453125 0.041015625
0 0.115234375 0.8938802083333333 0.033203125 0.0390625
0 0.111083984375 0.9635416666666666 0.03466796875 0.0390625
0 0.16015625 0.8850911458333333 0.0302734375 0.03841145833333333
0 0.203369140625 0.8763020833333333 0.02978515625 0.03645833333333333
0 0.243896484375 0.8636067708333333 0.02783203125 0.03450520833333333
0 0.284423828125 0.8606770833333333 0.02587890625 0.03515625
0 0.341064453125 0.8483072916666666 0.02392578125 0.029947916666666664
0 0.548583984375 0.8076171875 0.01806640625 0.027994791666666664
0 0.642333984375 0.7919921875 0.01416015625 0.026692708333333332
0 0.7060546875 0.498046875 0.0146484375 0.024739583333333332
0 0.699462890625 0.24641927083333331 0.01513671875 0.026692708333333332
