0 0.00927734375 0.7438151041666666 0.0126953125 0.026692708333333332
0 0.02587890625 0.7470703125 0.0126953125 0.025390625
0 0.043701171875 0.7509765625 0.01318359375 0.025390625
0 0.06201171875 0.7548828125 0.013671875 0.027994791666666664
0 0.080322265625 0.7545572916666666 0.01416015625 0.02734375
0 0.100830078125 0.7620442708333333 0.01513671875 0.027994791666666664
0 0.02783203125 0.7923177083333333 0.013671875 0.026041666666666664
0 0.327392578125 0.427734375 0.02099609375 0.03255208333333333
0 0.3740234375 0.45475260416666663 0.021484375 0.03450520833333333
0 0.4052734375 0.5598958333333333 0.0244140625 0.03515625
0 0.712646484375 0.8916015625 0.03369140625 0.041015625
0 0.047119140625 0.21158854166666666 0.01416015625 0.02734375
0 0.0283203125 0.20638020833333331 0.0146484375 0.02734375
0 0.01025390625 0.20865885416666666 0.0146484375 0.027994791666666664
