0 0.009521484375 0.7438151041666666 0.01220703125 0.025390625
0 0.026123046875 0.748046875 0.01318359375 0.024739583333333332
0 0.044189453125 0.7509765625 0.01318359375 0.026692708333333332
0 0.02783203125 0.7936197916666666 0.0126953125 0.024739583333333332
0 0.061767578125 0.7555338541666666 0.01416015625 0.025390625
0 0.080078125 0.7548828125 0.0146484375 0.027994791666666664
0 0.100830078125 0.7626953125 0.01513671875 0.027994791666666664
0 0.1328125 0.7672526041666666 0.0146484375 0.027994791666666664
0 0.295654296875 0.7972005208333333 0.01904296875 0.030598958333333332
0 0.010986328125 0.20963541666666666 0.01318359375 0.026041666666666664
0 0.028564453125 0.20670572916666666 0.01416015625 0.027994791666666664
0 0.047119140625 0.21256510416666666 0.01513671875 0.026692708333333332
0 0.127197265625 0.33365885416666663 0.01513671875 0.027994791666666664
0 0.406982421875 0.822265625 0.02197265625 0.03255208333333333
0 0.482177734375 0.43131510416666663 0.02587890625 0.037109375
0 0.449951171875 0.06901041666666666 0.02587890625 0.037760416666666664
0 0.681396484375 0.8821614583333333 0.03173828125 0.0390625
