0 0.005126953125 0.13053385416666666 0.01025390625 0.03450520833333333
0 0.03271484375 0.09798177083333333 0.037109375 0.04231770833333333
0 0.064208984375 0.1484375 0.03662109375 0.04036458333333333
0 0.080810546875 0.09375 0.03466796875 0.041666666666666664
0 0.1279296875 0.12337239583333333 0.033203125 0.041015625
0 0.16796875 0.109375 0.0302734375 0.04036458333333333
0 0.211181640625 0.12434895833333333 0.02880859375 0.03645833333333333
0 0.2509765625 0.14908854166666666 0.029296875 0.03515625
0 0.013671875 0.615234375 0.02734375 0.041666666666666664
0 0.01806640625 0.7747395833333333 0.0361328125 0.041666666666666664
0 0.017578125 0.912109375 0.03515625 0.04036458333333333
0 0.0673828125 0.9016927083333333 0.037109375 0.0390625
0 0.110595703125 0.9635416666666666 0.03369140625 0.037760416666666664
0 0.115234375 0.8932291666666666 0.0341796875 0.0390625
0 0.16064453125 0.884765625 0.0322265625 0.037760416666666664
0 0.202880859375 0.8766276041666666 0.03076171875 0.037109375
0 0.243896484375 0.8636067708333333 0.02880859375 0.035807291666666664
0 0.2841796875 0.8606770833333333 0.0283203125 0.03515625
0 0.3408203125 0.84765625 0.0244140625 0.03125
0 0.549072265625 0.8082682291666666 0.01904296875 0.029296875
0 0.37646484375 0.3408203125 0.0263671875 0.033203125
0 0.69873046875 0.24869791666666666 0.0146484375 0.024739583333333332
0 0.70556640625 0.498046875 0.0146484375 0.024739583333333332
0 0.642822265625 0.7926432291666666 0.01611328125 0.026692708333333332
