0 0.010498046875 0.20865885416666666 0.01318359375 0.026692708333333332
0 0.028076171875 0.2060546875 0.01416015625 0.026692708333333332
0 0.046630859375 0.21126302083333331 0.01416015625 0.026692708333333332
0 0.0009765625 0.23111979166666666 0.001953125 0.020833333333333332
0 0.126953125 0.3333333333333333 0.015625 0.03125
0 0.48193359375 0.4306640625 0.0263671875 0.03841145833333333
0 0.448974609375 0.06868489583333333 0.02587890625 0.039713541666666664
0 0.681396484375 0.8821614583333333 0.03173828125 0.04036458333333333
0 0.294921875 0.7978515625 0.01953125 0.033203125
0 0.00927734375 0.7431640625 0.0126953125 0.024088541666666664
0 0.025634765625 0.7470703125 0.01318359375 0.025390625
0 0.043701171875 0.7509765625 0.01318359375 0.025390625
0 0.02783203125 0.79296875 0.0126953125 0.026041666666666664
0 0.061279296875 0.7545572916666666 0.01416015625 0.02734375
0 0.07958984375 0.7545572916666666 0.013671875 0.02734375
0 0.100830078125 0.7623697916666666 0.01318359375 0.026041666666666664
0 0.132080078125 0.767578125 0.01416015625 0.026041666666666664
