0 0.641845703125 0.7913411458333333 0.01708984375 0.026692708333333332
0 0.549072265625 0.8076171875 0.01904296875 0.027994791666666664
0 0.340087890625 0.8483072916666666 0.02490234375 0.03255208333333333
0 0.283935546875 0.8606770833333333 0.02783203125 0.03515625
0 0.2431640625 0.8626302083333333 0.029296875 0.03645833333333333
0 0.20263671875 0.8763020833333333 0.03125 0.037760416666666664
0 0.15966796875 0.8850911458333333 0.0322265625 0.03841145833333333
0 0.01806640625 0.7744140625 0.0361328125 0.041015625
0 0.11474609375 0.8932291666666666 0.0341796875 0.0390625
0 0.110595703125 0.9638671875 0.03466796875 0.03841145833333333
0 0.06689453125 0.9020182291666666 0.0361328125 0.041015625
0 0.017822265625 0.912109375 0.03564453125 0.041666666666666664
0 0.013916015625 0.6158854166666666 0.02783203125 0.04036458333333333
0 0.063720703125 0.14778645833333331 0.03759765625 0.041666666666666664
0 0.031982421875 0.09700520833333333 0.03857421875 0.041666666666666664
0 0.005615234375 0.1298828125 0.01123046875 0.035807291666666664
0 0.081298828125 0.09244791666666666 0.03662109375 0.041666666666666664
0 0.127197265625 0.1220703125 0.03564453125 0.041015625
0 0.16748046875 0.107421875 0.033203125 0.0390625
0 0.211669921875 0.123046875 0.03173828125 0.0390625
0 0.25048828125 0.14811197916666666 0.0302734375 0.037109375
0 0.376220703125 0.34049479166666663 0.02587890625 0.033854166666666664
0 0.705078125 0.49772135416666663 0.0146484375 0.025390625
0 0.69873046875 0.248046875 0.015625 0.026041666666666664
