0 0.680908203125 0.8818359375 0.03271484375 0.039713541666666664
0 0.482666015625 0.4309895833333333 0.02685546875 0.037760416666666664
0 0.44921875 0.068359375 0.025390625 0.0390625
0 0.295166015625 0.7978515625 0.02001953125 0.030598958333333332
0 0.1318359375 0.7669270833333333 0.0146484375 0.02734375
0 0.100830078125 0.7626953125 0.01416015625 0.027994791666666664
0 0.080078125 0.7548828125 0.013671875 0.026692708333333332
0 0.061767578125 0.7552083333333333 0.01318359375 0.02734375
0 0.043701171875 0.7513020833333333 0.01220703125 0.026041666666666664
0 0.028076171875 0.7926432291666666 0.01220703125 0.025390625
0 0.026123046875 0.7473958333333333 0.01220703125 0.024739583333333332
0 0.009521484375 0.7434895833333333 0.01220703125 0.026041666666666664
0 0.04736328125 0.2109375 0.013671875 0.02734375
0 0.028076171875 0.2060546875 0.01416015625 0.026692708333333332
0 0.010986328125 0.208984375 0.01220703125 0.02734375
0 0.126953125 0.3330078125 0.015625 0.029296875
