0 0.013427734375 0.6175130208333333 0.02685546875 0.041015625
0 0.018310546875 0.7747395833333333 0.03271484375 0.04036458333333333
0 0.017822265625 0.9117838541666666 0.03173828125 0.03450520833333333
0 0.066650390625 0.9013671875 0.03369140625 0.03841145833333333
0 0.116455078125 0.8942057291666666 0.03369140625 0.03450520833333333
0 0.160400390625 0.8850911458333333 0.03369140625 0.03450520833333333
0 0.203125 0.875 0.0322265625 0.0390625
0 0.244873046875 0.8636067708333333 0.02783203125 0.04231770833333333
0 0.284423828125 0.8610026041666666 0.02685546875 0.031901041666666664
0 0.10986328125 0.9638671875 0.0390625 0.03841145833333333
0 0.340576171875 0.8499348958333333 0.02783203125 0.03841145833333333
0 0.378173828125 0.3427734375 0.02685546875 0.037109375
0 0.0322265625 0.095703125 0.03125 0.04036458333333333
0 0.064208984375 0.1494140625 0.03466796875 0.041015625
0 0.083740234375 0.09635416666666666 0.03369140625 0.04427083333333333
0 0.12646484375 0.12109375 0.0341796875 0.04036458333333333
0 0.167236328125 0.11165364583333333 0.03173828125 0.037109375
0 0.211181640625 0.12630208333333331 0.02587890625 0.04817708333333333
0 0.25146484375 0.14615885416666666 0.029296875 0.04231770833333333
0 0.00537109375 0.13639322916666666 0.0087890625 0.03841145833333333
0 0.697998046875 0.24837239583333331 0.01318359375 0.026692708333333332
0 0.707275390625 0.49772135416666663 0.01416015625 0.025390625
0 0.548095703125 0.8079427083333333 0.01806640625 0.026041666666666664
0 0.642333984375 0.7919921875 0.02099609375 0.024088541666666664
