0 0.018310546875 0.7750651041666666 0.03662109375 0.041015625
0 0.01806640625 0.9127604166666666 0.0361328125 0.04036458333333333
0 0.067138671875 0.9026692708333333 0.03662109375 0.039713541666666664
0 0.114990234375 0.892578125 0.03466796875 0.0390625
0 0.16015625 0.884765625 0.0322265625 0.037760416666666664
0 0.11083984375 0.9635416666666666 0.0341796875 0.0390625
0 0.202880859375 0.876953125 0.03173828125 0.03645833333333333
0 0.243408203125 0.8626302083333333 0.02880859375 0.03515625
0 0.284423828125 0.8606770833333333 0.02783203125 0.03515625
0 0.34033203125 0.84765625 0.0244140625 0.03125
0 0.013916015625 0.6155598958333333 0.02783203125 0.041015625
0 0.032958984375 0.09765625 0.03857421875 0.04427083333333333
0 0.064453125 0.1484375 0.0361328125 0.041666666666666664
0 0.0810546875 0.0927734375 0.03515625 0.039713541666666664
0 0.1279296875 0.12272135416666666 0.0341796875 0.039713541666666664
0 0.16845703125 0.10807291666666666 0.033203125 0.0390625
0 0.2119140625 0.12369791666666666 0.0302734375 0.03645833333333333
0 0.251220703125 0.14876302083333331 0.02880859375 0.03841145833333333
0 0.37646484375 0.33984375 0.025390625 0.03255208333333333
0 0.548828125 0.8082682291666666 0.0185546875 0.029296875
0 0.64208984375 0.7916666666666666 0.015625 0.026041666666666664
0 0.69921875 0.248046875 0.0146484375 0.026041666666666664
0 0.705810546875 0.498046875 0.01513671875 0.026041666666666664
