0 0.68115234375 0.8815104166666666 0.0322265625 0.04036458333333333
0 0.482177734375 0.4306640625 0.02587890625 0.037109375
0 0.127197265625 0.3333333333333333 0.01513671875 0.028645833333333332
0 0.4072265625 0.8219401041666666 0.0224609375 0.033203125
0 0.294677734375 0.7978515625 0.01904296875 0.027994791666666664
0 0.132080078125 0.7672526041666666 0.01513671875 0.026692708333333332
0 0.1005859375 0.7630208333333333 0.0146484375 0.02734375
0 0.079345703125 0.7545572916666666 0.01416015625 0.026041666666666664
0 0.06103515625 0.7548828125 0.013671875 0.026692708333333332
0 0.027587890625 0.79296875 0.01318359375 0.024739583333333332
0 0.043212890625 0.7516276041666666 0.01318359375 0.024088541666666664
0 0.025634765625 0.7470703125 0.01318359375 0.025390625
0 0.009033203125 0.7434895833333333 0.01318359375 0.024739583333333332
0 0.047119140625 0.21126302083333331 0.01416015625 0.026692708333333332
0 0.0283203125 0.20572916666666666 0.0146484375 0.026041666666666664
0 0.01025390625 0.20865885416666666 0.013671875 0.026692708333333332
0 0.4443359375 0.06966145833333333 0.015625 0.037760416666666664
