0 0.712890625 0.8922526041666666 0.033203125 0.041015625
0 0.40478515625 0.5611979166666666 0.0234375 0.03515625
0 0.374267578125 0.45670572916666663 0.02099609375 0.033203125
0 0.326171875 0.42740885416666663 0.0205078125 0.033203125
0 0.02783203125 0.7936197916666666 0.0126953125 0.026041666666666664
0 0.100830078125 0.7626953125 0.01416015625 0.026692708333333332
0 0.07958984375 0.7552083333333333 0.0146484375 0.028645833333333332
0 0.06103515625 0.755859375 0.013671875 0.026041666666666664
0 0.043701171875 0.7516276041666666 0.01318359375 0.025390625
0 0.025390625 0.7470703125 0.0126953125 0.024088541666666664
0 0.009033203125 0.7434895833333333 0.01318359375 0.02734375
0 0.010009765625 0.20930989583333331 0.01416015625 0.027994791666666664
0 0.028076171875 0.20703125 0.01318359375 0.026041666666666664
0 0.046630859375 0.21158854166666666 0.01416015625 0.02734375
