0 0.017578125 0.9117838541666666 0.03515625 0.039713541666666664
0 0.066650390625 0.9016927083333333 0.03759765625 0.0390625
0 0.11474609375 0.8932291666666666 0.03515625 0.037760416666666664
0 0.159912109375 0.8850911458333333 0.03271484375 0.037109375
0 0.20263671875 0.8766276041666666 0.033203125 0.03841145833333333
0 0.2431640625 0.8626302083333333 0.0302734375 0.03645833333333333
0 0.2841796875 0.8606770833333333 0.0283203125 0.03515625
0 0.110595703125 0.9635416666666666 0.03564453125 0.0390625
0 0.59912109375 0.48014322916666663 0.0185546875 0.027994791666666664
0 0.635009765625 0.5074869791666666 0.01806640625 0.029296875
0 0.65283203125 0.5875651041666666 0.017578125 0.027994791666666664
0 0.90185546875 0.42447916666666663 0.0107421875 0.020833333333333332
0 0.798828125 0.767578125 0.0126953125 0.022135416666666664
0 0.916015625 0.7320963541666666 0.009765625 0.021484375
0 0.032470703125 0.09830729166666666 0.03955078125 0.04296875
0 0.02099609375 0.15397135416666666 0.0390625 0.043619791666666664
0 0.080810546875 0.09309895833333333 0.03662109375 0.041666666666666664
0 0.126953125 0.12272135416666666 0.03515625 0.041015625
0 0.167724609375 0.10774739583333333 0.03369140625 0.039713541666666664
0 0.211181640625 0.12369791666666666 0.02978515625 0.03645833333333333
0 0.25 0.1484375 0.03125 0.037760416666666664
0 0.8984375 0.6917317708333333 0.009765625 0.021484375
