0 0.681396484375 0.8821614583333333 0.03076171875 0.037760416666666664
0 0.406982421875 0.822265625 0.02294921875 0.03255208333333333
0 0.294677734375 0.7978515625 0.02001953125 0.030598958333333332
0 0.126708984375 0.33365885416666663 0.01513671875 0.027994791666666664
0 0.010009765625 0.2099609375 0.01318359375 0.025390625
0 0.02783203125 0.20572916666666666 0.013671875 0.0234375
0 0.046630859375 0.2119140625 0.01416015625 0.022786458333333332
0 0.132568359375 0.7672526041666666 0.01416015625 0.025390625
0 0.02734375 0.79296875 0.0126953125 0.026041666666666664
0 0.100341796875 0.7626953125 0.01513671875 0.026692708333333332
0 0.07958984375 0.7548828125 0.0146484375 0.026692708333333332
0 0.061279296875 0.7552083333333333 0.01318359375 0.024739583333333332
0 0.04296875 0.7516276041666666 0.013671875 0.025390625
0 0.025634765625 0.7477213541666666 0.01318359375 0.025390625
0 0.00927734375 0.7425130208333333 0.0126953125 0.024088541666666664
