0 0.010498046875 0.20865885416666666 0.01318359375 0.025390625
0 0.0283203125 0.20638020833333331 0.013671875 0.024739583333333332
0 0.04736328125 0.21061197916666666 0.015625 0.026692708333333332
0 0.001220703125 0.23209635416666666 0.00244140625 0.017578125
0 0.12744140625 0.3330078125 0.0146484375 0.029296875
0 0.681396484375 0.8824869791666666 0.03271484375 0.04231770833333333
0 0.294921875 0.7975260416666666 0.0205078125 0.03255208333333333
0 0.00927734375 0.7434895833333333 0.0126953125 0.026041666666666664
0 0.02587890625 0.7473958333333333 0.0126953125 0.024739583333333332
0 0.043701171875 0.7509765625 0.01416015625 0.027994791666666664
0 0.061279296875 0.7552083333333333 0.01318359375 0.02734375
0 0.079833984375 0.7545572916666666 0.01318359375 0.02734375
0 0.10009765625 0.7626953125 0.015625 0.025390625
0 0.132080078125 0.7672526041666666 0.01416015625 0.026692708333333332
0 0.0283203125 0.79296875 0.0126953125 0.024739583333333332
