0 0.018798828125 0.7737630208333333 0.03564453125 0.041015625
0 0.013671875 0.6155598958333333 0.02734375 0.041015625
0 0.033203125 0.09798177083333333 0.037109375 0.041015625
0 0.06396484375 0.1494140625 0.0380859375 0.041015625
0 0.0810546875 0.09407552083333333 0.0361328125 0.039713541666666664
0 0.12841796875 0.12369791666666666 0.0341796875 0.04036458333333333
0 0.16845703125 0.10970052083333333 0.0322265625 0.041015625
0 0.2119140625 0.12434895833333333 0.0302734375 0.03645833333333333
0 0.25146484375 0.1484375 0.0283203125 0.037760416666666664
0 0.01806640625 0.9114583333333333 0.03515625 0.041666666666666664
0 0.06787109375 0.9020182291666666 0.0361328125 0.039713541666666664
0 0.115478515625 0.8932291666666666 0.03466796875 0.037760416666666664
0 0.11083984375 0.9635416666666666 0.0341796875 0.04036458333333333
0 0.16064453125 0.884765625 0.0322265625 0.037760416666666664
0 0.203125 0.876953125 0.03125 0.03645833333333333
0 0.243408203125 0.8626302083333333 0.02978515625 0.03645833333333333
0 0.284423828125 0.8610026041666666 0.02783203125 0.035807291666666664
0 0.3408203125 0.8483072916666666 0.0244140625 0.033854166666666664
0 0.376708984375 0.34049479166666663 0.02490234375 0.033854166666666664
0 0.69921875 0.24837239583333331 0.015625 0.026692708333333332
0 0.54833984375 0.8092447916666666 0.017578125 0.024739583333333332
0 0.642333984375 0.7923177083333333 0.01611328125 0.026041666666666664
0 0.704833984375 0.498046875 0.01513671875 0.024739583333333332
