0 0.0087890625 0.7434895833333333 0.01171875 0.024739583333333332
0 0.02490234375 0.7486979166666666 0.009765625 0.022135416666666664
0 0.042236328125 0.7529296875 0.01318359375 0.022786458333333332
0 0.061279296875 0.7561848958333333 0.01318359375 0.029296875
0 0.08056640625 0.7548828125 0.01171875 0.026692708333333332
0 0.10107421875 0.7639973958333333 0.0126953125 0.029296875
0 0.02880859375 0.7945963541666666 0.015625 0.026692708333333332
0 0.12744140625 0.33365885416666663 0.01953125 0.026692708333333332
0 0.048095703125 0.21061197916666666 0.01318359375 0.020182291666666664
0 0.03173828125 0.20475260416666666 0.017578125 0.018880208333333332
0 0.011474609375 0.20670572916666666 0.01708984375 0.020182291666666664
0 0.449951171875 0.06803385416666666 0.02490234375 0.04231770833333333
0 0.680908203125 0.880859375 0.03466796875 0.04817708333333333
0 0.295166015625 0.7972005208333333 0.02099609375 0.031901041666666664
