0 0.22900390625 0.447265625 0.029296875 0.03515625
0 0.395751953125 0.23307291666666666 0.02294921875 0.028645833333333332
0 0.83154296875 0.3235677083333333 0.0146484375 0.0234375
0 0.956787109375 0.3095703125 0.01318359375 0.020182291666666664
0 0.974853515625 0.31315104166666663 0.01123046875 0.020833333333333332
0 0.992919921875 0.3173828125 0.01025390625 0.021484375
0 0.970703125 0.4895833333333333 0.0126953125 0.022135416666666664
0 0.9931640625 0.4993489583333333 0.01171875 0.026041666666666664
0 0.995361328125 0.45865885416666663 0.00830078125 0.024088541666666664
0 0.90673828125 0.8134765625 0.0166015625 0.030598958333333332
0 0.993408203125 0.89453125 0.01220703125 0.02734375
