0 0.243896484375 0.44694010416666663 0.02783203125 0.033203125
0 0.39501953125 0.23502604166666666 0.0234375 0.03125
0 0.83251953125 0.32389322916666663 0.0146484375 0.024088541666666664
0 0.955078125 0.3098958333333333 0.0126953125 0.022135416666666664
0 0.975830078125 0.314453125 0.01220703125 0.022135416666666664
0 0.99365234375 0.3203125 0.0107421875 0.022135416666666664
0 0.97216796875 0.4925130208333333 0.0146484375 0.022786458333333332
0 0.995361328125 0.4609375 0.00634765625 0.026041666666666664
0 0.992919921875 0.5022786458333333 0.01318359375 0.025390625
0 0.99560546875 0.8430989583333333 0.0068359375 0.02734375
0 0.9912109375 0.8958333333333333 0.0126953125 0.02734375
0 0.99365234375 0.9306640625 0.0107421875 0.025390625
0 0.907470703125 0.8131510416666666 0.01513671875 0.02734375
