0 0.277587890625 0.44791666666666663 0.02783203125 0.033854166666666664
0 0.395263671875 0.23372395833333331 0.02392578125 0.029947916666666664
0 0.83203125 0.3235677083333333 0.015625 0.024739583333333332
0 0.956298828125 0.310546875 0.01416015625 0.0234375
0 0.97509765625 0.31412760416666663 0.013671875 0.022786458333333332
0 0.991943359375 0.31901041666666663 0.01123046875 0.022135416666666664
0 0.9716796875 0.49186197916666663 0.0146484375 0.025390625
0 0.994873046875 0.45865885416666663 0.00927734375 0.024088541666666664
0 0.99267578125 0.5006510416666666 0.013671875 0.024739583333333332
0 0.90625 0.8131510416666666 0.0166015625 0.028645833333333332
0 0.99560546875 0.8430989583333333 0.0078125 0.026041666666666664
0 0.991943359375 0.8955078125 0.01416015625 0.029296875
0 0.993896484375 0.931640625 0.01123046875 0.026041666666666664
