0 0.3955078125 0.23404947916666666 0.0234375 0.029296875
0 0.309326171875 0.44921875 0.02685546875 0.03255208333333333
0 0.831298828125 0.3235677083333333 0.01513671875 0.0234375
0 0.956298828125 0.310546875 0.01318359375 0.022135416666666664
0 0.9755859375 0.3138020833333333 0.013671875 0.022135416666666664
0 0.9931640625 0.31803385416666663 0.01171875 0.021484375
0 0.9951171875 0.458984375 0.0087890625 0.0234375
0 0.971923828125 0.4905598958333333 0.01513671875 0.022786458333333332
0 0.99267578125 0.5013020833333333 0.0126953125 0.024739583333333332
0 0.906494140625 0.8121744791666666 0.01513671875 0.026692708333333332
0 0.995849609375 0.8434244791666666 0.00732421875 0.025390625
0 0.9921875 0.89453125 0.01171875 0.028645833333333332
0 0.994384765625 0.9309895833333333 0.01025390625 0.026041666666666664
