0 0.03271484375 0.09830729166666666 0.0380859375 0.041666666666666664
0 0.064208984375 0.1474609375 0.03857421875 0.041015625
0 0.081787109375 0.09440104166666666 0.03662109375 0.04036458333333333
0 0.128173828125 0.12337239583333333 0.03466796875 0.039713541666666664
0 0.16796875 0.1083984375 0.0322265625 0.03841145833333333
0 0.212158203125 0.12434895833333333 0.02978515625 0.037760416666666664
0 0.25146484375 0.1494140625 0.029296875 0.035807291666666664
0 0.376953125 0.34049479166666663 0.025390625 0.03515625
0 0.013916015625 0.6158854166666666 0.02783203125 0.041666666666666664
0 0.0185546875 0.7744140625 0.037109375 0.041015625
0 0.01806640625 0.912109375 0.03515625 0.041666666666666664
0 0.0673828125 0.9013671875 0.0361328125 0.039713541666666664
0 0.115234375 0.8935546875 0.03515625 0.03841145833333333
0 0.160400390625 0.884765625 0.03369140625 0.037760416666666664
0 0.203369140625 0.8759765625 0.03076171875 0.037109375
0 0.243896484375 0.86328125 0.02880859375 0.03515625
0 0.2841796875 0.861328125 0.0283203125 0.033854166666666664
0 0.340576171875 0.8479817708333333 0.02392578125 0.031901041666666664
0 0.111083984375 0.9632161458333333 0.03466796875 0.039713541666666664
0 0.642822265625 0.7926432291666666 0.01708984375 0.026692708333333332
0 0.704833984375 0.498046875 0.01513671875 0.024739583333333332
0 0.69873046875 0.24641927083333331 0.0146484375 0.024088541666666664
