0 0.440185546875 0.4521484375 0.02294921875 0.033203125
0 0.396240234375 0.234375 0.02490234375 0.03125
0 0.83154296875 0.32291666666666663 0.0126953125 0.0234375
0 0.95703125 0.30924479166666663 0.01171875 0.01953125
0 0.974609375 0.3134765625 0.01171875 0.022786458333333332
0 0.9921875 0.31640625 0.0107421875 0.01953125
0 0.971435546875 0.48990885416666663 0.01318359375 0.021484375
0 0.993408203125 0.5006510416666666 0.01220703125 0.0234375
0 0.995361328125 0.45865885416666663 0.00830078125 0.020182291666666664
0 0.90576171875 0.8128255208333333 0.015625 0.027994791666666664
0 0.992919921875 0.8938802083333333 0.01318359375 0.028645833333333332
0 0.995361328125 0.8430989583333333 0.00830078125 0.026041666666666664
