0 0.01806640625 0.912109375 0.03515625 0.0390625
0 0.067626953125 0.9020182291666666 0.03662109375 0.039713541666666664
0 0.114990234375 0.8935546875 0.03369140625 0.03841145833333333
0 0.160400390625 0.8844401041666666 0.03271484375 0.035807291666666664
0 0.203369140625 0.8759765625 0.03076171875 0.035807291666666664
0 0.0185546875 0.7744140625 0.0361328125 0.039713541666666664
0 0.24365234375 0.8626302083333333 0.029296875 0.03515625
0 0.28466796875 0.8603515625 0.0283203125 0.03450520833333333
0 0.3408203125 0.8479817708333333 0.0244140625 0.031901041666666664
0 0.013916015625 0.6158854166666666 0.02783203125 0.041666666666666664
0 0.11083984375 0.9635416666666666 0.0341796875 0.037760416666666664
0 0.033447265625 0.09830729166666666 0.03759765625 0.04036458333333333
0 0.064453125 0.14811197916666666 0.037109375 0.041015625
0 0.08154296875 0.09375 0.0361328125 0.04036458333333333
0 0.128173828125 0.123046875 0.03466796875 0.0390625
0 0.16796875 0.10872395833333333 0.0322265625 0.0390625
0 0.212158203125 0.12434895833333333 0.02880859375 0.0390625
0 0.251708984375 0.14876302083333331 0.02978515625 0.035807291666666664
0 0.376708984375 0.3408203125 0.02490234375 0.033203125
0 0.64208984375 0.7926432291666666 0.0166015625 0.026692708333333332
0 0.705322265625 0.4973958333333333 0.01611328125 0.026041666666666664
