0 0.032958984375 0.09733072916666666 0.03857421875 0.041015625
0 0.064453125 0.1484375 0.0380859375 0.04036458333333333
0 0.081298828125 0.09407552083333333 0.03662109375 0.041015625
0 0.12841796875 0.123046875 0.03515625 0.0390625
0 0.168701171875 0.10807291666666666 0.03173828125 0.037760416666666664
0 0.2119140625 0.12369791666666666 0.029296875 0.037760416666666664
0 0.251953125 0.14876302083333331 0.029296875 0.035807291666666664
0 0.013916015625 0.6155598958333333 0.02783203125 0.04231770833333333
0 0.0185546875 0.7744140625 0.03515625 0.041015625
0 0.0185546875 0.9124348958333333 0.03515625 0.041015625
0 0.067626953125 0.9013671875 0.03662109375 0.03841145833333333
0 0.11572265625 0.8922526041666666 0.0341796875 0.03841145833333333
0 0.160400390625 0.884765625 0.03369140625 0.03645833333333333
0 0.20361328125 0.8763020833333333 0.03125 0.03515625
0 0.243896484375 0.8619791666666666 0.03076171875 0.03515625
0 0.284912109375 0.8610026041666666 0.02685546875 0.035807291666666664
0 0.34033203125 0.8486328125 0.025390625 0.03450520833333333
0 0.111083984375 0.9641927083333333 0.03466796875 0.0390625
0 0.376708984375 0.3411458333333333 0.02490234375 0.033854166666666664
0 0.5498046875 0.8076171875 0.0166015625 0.026692708333333332
0 0.64208984375 0.7923177083333333 0.0166015625 0.026041666666666664
0 0.704833984375 0.4983723958333333 0.01513671875 0.026692708333333332
0 0.697998046875 0.24479166666666666 0.01220703125 0.018229166666666664
