0 0.681640625 0.8815104166666666 0.0322265625 0.03645833333333333
0 0.408203125 0.8229166666666666 0.0185546875 0.028645833333333332
0 0.294677734375 0.7978515625 0.02001953125 0.030598958333333332
0 0.1337890625 0.7688802083333333 0.009765625 0.022135416666666664
0 0.099609375 0.765625 0.0166015625 0.020833333333333332
0 0.02783203125 0.7932942708333333 0.013671875 0.026692708333333332
0 0.079833984375 0.7548828125 0.01318359375 0.026692708333333332
0 0.061767578125 0.755859375 0.01318359375 0.026041666666666664
0 0.0439453125 0.751953125 0.013671875 0.026041666666666664
0 0.025634765625 0.7473958333333333 0.01318359375 0.026041666666666664
0 0.00927734375 0.7438151041666666 0.01171875 0.026692708333333332
0 0.480712890625 0.43131510416666663 0.02587890625 0.037109375
0 0.44970703125 0.0693359375 0.025390625 0.037109375
0 0.127685546875 0.33268229166666663 0.01611328125 0.03125
0 0.047119140625 0.21158854166666666 0.01416015625 0.028645833333333332
0 0.02880859375 0.20540364583333331 0.0146484375 0.025390625
0 0.010498046875 0.20865885416666666 0.01416015625 0.026692708333333332
