0 0.017822265625 0.9124348958333333 0.03564453125 0.041015625
0 0.06689453125 0.9020182291666666 0.037109375 0.041015625
0 0.115234375 0.8932291666666666 0.0341796875 0.0390625
0 0.160400390625 0.8850911458333333 0.03271484375 0.037109375
0 0.203125 0.876953125 0.0322265625 0.03645833333333333
0 0.243896484375 0.8626302083333333 0.02978515625 0.03645833333333333
0 0.28466796875 0.8603515625 0.02734375 0.03450520833333333
0 0.111328125 0.9632161458333333 0.03515625 0.03841145833333333
0 0.59912109375 0.4807942708333333 0.017578125 0.027994791666666664
0 0.63525390625 0.5078125 0.0166015625 0.02734375
0 0.653076171875 0.5888671875 0.01513671875 0.026692708333333332
0 0.799072265625 0.7672526041666666 0.01318359375 0.022786458333333332
0 0.91650390625 0.7327473958333333 0.009765625 0.020182291666666664
0 0.902099609375 0.4248046875 0.01025390625 0.020182291666666664
0 0.250732421875 0.14876302083333331 0.02978515625 0.037109375
0 0.212158203125 0.123046875 0.03173828125 0.03645833333333333
0 0.16796875 0.107421875 0.033203125 0.0390625
0 0.1279296875 0.12239583333333333 0.03515625 0.041666666666666664
0 0.081787109375 0.0927734375 0.03564453125 0.041015625
0 0.032470703125 0.09733072916666666 0.03857421875 0.04231770833333333
0 0.022216796875 0.1533203125 0.03955078125 0.041015625
