0 0.008544921875 0.7428385416666666 0.01220703125 0.026041666666666664
0 0.02587890625 0.7470703125 0.0126953125 0.025390625
0 0.04345703125 0.7509765625 0.013671875 0.025390625
0 0.0615234375 0.7555338541666666 0.013671875 0.026692708333333332
0 0.07958984375 0.7542317708333333 0.0146484375 0.026692708333333332
0 0.1005859375 0.7623697916666666 0.0146484375 0.02734375
0 0.028076171875 0.7926432291666666 0.01318359375 0.026692708333333332
0 0.326904296875 0.4280598958333333 0.02197265625 0.03450520833333333
0 0.374267578125 0.45572916666666663 0.02294921875 0.03515625
0 0.406005859375 0.5595703125 0.02294921875 0.03841145833333333
0 0.7138671875 0.8922526041666666 0.03515625 0.043619791666666664
0 0.046630859375 0.21126302083333331 0.01416015625 0.026692708333333332
0 0.028076171875 0.20638020833333331 0.01513671875 0.026041666666666664
0 0.01025390625 0.20865885416666666 0.0146484375 0.026692708333333332
