0 0.017822265625 0.912109375 0.03564453125 0.041666666666666664
0 0.018310546875 0.7747395833333333 0.03662109375 0.041666666666666664
0 0.0673828125 0.9016927083333333 0.0361328125 0.0390625
0 0.114990234375 0.8932291666666666 0.03466796875 0.037760416666666664
0 0.111328125 0.9641927083333333 0.03515625 0.0390625
0 0.160400390625 0.884765625 0.03271484375 0.037760416666666664
0 0.203125 0.876953125 0.03125 0.03645833333333333
0 0.243896484375 0.8626302083333333 0.02978515625 0.03515625
0 0.2841796875 0.861328125 0.02734375 0.03515625
0 0.341064453125 0.8479817708333333 0.02490234375 0.031901041666666664
0 0.013916015625 0.6158854166666666 0.02783203125 0.041666666666666664
0 0.032470703125 0.09733072916666666 0.03759765625 0.04231770833333333
0 0.081298828125 0.09309895833333333 0.03564453125 0.04036458333333333
0 0.064453125 0.1484375 0.0380859375 0.04296875
0 0.12841796875 0.12272135416666666 0.0341796875 0.039713541666666664
0 0.167724609375 0.10774739583333333 0.03173828125 0.03841145833333333
0 0.212158203125 0.12337239583333333 0.03076171875 0.037109375
0 0.2509765625 0.14876302083333331 0.029296875 0.035807291666666664
0 0.37646484375 0.34049479166666663 0.0244140625 0.03255208333333333
0 0.704833984375 0.498046875 0.01513671875 0.024739583333333332
0 0.549072265625 0.8082682291666666 0.01806640625 0.029296875
0 0.787353515625 0.7679036458333333 0.01220703125 0.024088541666666664
