0 0.0048828125 0.130859375 0.009765625 0.037760416666666664
0 0.032958984375 0.09830729166666666 0.03759765625 0.045572916666666664
0 0.06396484375 0.1484375 0.0380859375 0.04296875
0 0.081787109375 0.09375 0.03564453125 0.041666666666666664
0 0.1279296875 0.1240234375 0.0341796875 0.043619791666666664
0 0.167724609375 0.10872395833333333 0.03271484375 0.0390625
0 0.212158203125 0.12272135416666666 0.03076171875 0.039713541666666664
0 0.251220703125 0.14908854166666666 0.02978515625 0.0390625
0 0.013916015625 0.6155598958333333 0.02783203125 0.04231770833333333
0 0.018310546875 0.7747395833333333 0.03564453125 0.041666666666666664
0 0.01806640625 0.9111328125 0.0361328125 0.04231770833333333
0 0.06689453125 0.9013671875 0.0361328125 0.041015625
0 0.115478515625 0.8935546875 0.03369140625 0.039713541666666664
0 0.160400390625 0.8841145833333333 0.03369140625 0.04036458333333333
0 0.202880859375 0.876953125 0.03271484375 0.0390625
0 0.111083984375 0.9635416666666666 0.03662109375 0.0390625
0 0.243408203125 0.8626302083333333 0.02978515625 0.0390625
0 0.284423828125 0.8610026041666666 0.02783203125 0.035807291666666664
0 0.339599609375 0.8483072916666666 0.02490234375 0.03255208333333333
0 0.37646484375 0.33984375 0.0263671875 0.03515625
0 0.704833984375 0.498046875 0.01416015625 0.026041666666666664
0 0.548583984375 0.8082682291666666 0.01904296875 0.031901041666666664
0 0.642333984375 0.7916666666666666 0.01513671875 0.02734375
0 0.787109375 0.7682291666666666 0.01171875 0.0234375
