0 0.00927734375 0.7431640625 0.013671875 0.025390625
0 0.025634765625 0.7477213541666666 0.01318359375 0.025390625
0 0.02734375 0.7932942708333333 0.0146484375 0.025390625
0 0.043701171875 0.7513020833333333 0.01416015625 0.024739583333333332
0 0.06201171875 0.7548828125 0.0146484375 0.026692708333333332
0 0.080078125 0.7548828125 0.0146484375 0.026692708333333332
0 0.100830078125 0.7626953125 0.01513671875 0.025390625
0 0.13232421875 0.7669270833333333 0.015625 0.02734375
0 0.295166015625 0.7972005208333333 0.02001953125 0.031901041666666664
0 0.4072265625 0.8216145833333333 0.0224609375 0.03255208333333333
0 0.68212890625 0.8818359375 0.0322265625 0.039713541666666664
0 0.48046875 0.4306640625 0.0263671875 0.037109375
0 0.127197265625 0.3333333333333333 0.01513671875 0.028645833333333332
0 0.01123046875 0.20930989583333331 0.0126953125 0.026692708333333332
0 0.028076171875 0.20638020833333331 0.01318359375 0.02734375
0 0.04736328125 0.21158854166666666 0.0146484375 0.02734375
0 0.449462890625 0.06966145833333333 0.02294921875 0.03645833333333333
