0 0.00537109375 0.13118489583333331 0.0107421875 0.03841145833333333
0 0.0341796875 0.09895833333333333 0.0380859375 0.046875
0 0.065185546875 0.14973958333333331 0.03662109375 0.04427083333333333
0 0.081787109375 0.09375 0.03564453125 0.045572916666666664
0 0.128173828125 0.12434895833333333 0.03466796875 0.04296875
0 0.16845703125 0.10872395833333333 0.033203125 0.04296875
0 0.21240234375 0.12369791666666666 0.03125 0.04296875
0 0.25146484375 0.14713541666666666 0.0302734375 0.04036458333333333
0 0.376708984375 0.34049479166666663 0.02587890625 0.03515625
0 0.704833984375 0.49869791666666663 0.01513671875 0.02734375
0 0.787109375 0.767578125 0.0126953125 0.022135416666666664
0 0.642333984375 0.7926432291666666 0.01513671875 0.026692708333333332
0 0.548583984375 0.8076171875 0.01904296875 0.027994791666666664
0 0.01806640625 0.9117838541666666 0.03515625 0.04231770833333333
0 0.06640625 0.9026692708333333 0.0361328125 0.041015625
0 0.114990234375 0.8929036458333333 0.03369140625 0.039713541666666664
0 0.16015625 0.8841145833333333 0.033203125 0.0390625
0 0.202880859375 0.876953125 0.03173828125 0.037760416666666664
0 0.111083984375 0.9632161458333333 0.03466796875 0.041015625
0 0.24365234375 0.8619791666666666 0.029296875 0.03645833333333333
0 0.2841796875 0.8606770833333333 0.02734375 0.03645833333333333
0 0.341064453125 0.8486328125 0.02490234375 0.031901041666666664
0 0.018310546875 0.7744140625 0.03662109375 0.041015625
0 0.013916015625 0.6165364583333333 0.02783203125 0.04296875
