0 0.68115234375 0.8821614583333333 0.03125 0.037760416666666664
0 0.40673828125 0.8216145833333333 0.0224609375 0.033854166666666664
0 0.080322265625 0.7568359375 0.01416015625 0.017578125
0 0.043701171875 0.7513020833333333 0.01220703125 0.026041666666666664
0 0.026123046875 0.748046875 0.01416015625 0.026041666666666664
0 0.009033203125 0.7434895833333333 0.01318359375 0.024739583333333332
0 0.480712890625 0.4309895833333333 0.02587890625 0.03645833333333333
0 0.12744140625 0.3333333333333333 0.015625 0.028645833333333332
0 0.046630859375 0.21061197916666666 0.01513671875 0.026692708333333332
0 0.027587890625 0.20638020833333331 0.01318359375 0.02734375
0 0.010986328125 0.20930989583333331 0.01318359375 0.025390625
0 0.448974609375 0.06868489583333333 0.02490234375 0.03841145833333333
