0 0.064453125 0.14908854166666666 0.03515625 0.04296875
0 0.0341796875 0.09993489583333333 0.037109375 0.04622395833333333
0 0.08154296875 0.09342447916666666 0.03515625 0.043619791666666664
0 0.12841796875 0.1240234375 0.033203125 0.043619791666666664
0 0.168701171875 0.109375 0.03076171875 0.037760416666666664
0 0.212646484375 0.12630208333333331 0.03076171875 0.03645833333333333
0 0.251953125 0.14908854166666666 0.029296875 0.04036458333333333
0 0.37646484375 0.3408203125 0.0244140625 0.033203125
0 0.013916015625 0.6158854166666666 0.02783203125 0.041666666666666664
0 0.018310546875 0.7740885416666666 0.03662109375 0.04036458333333333
0 0.018310546875 0.9124348958333333 0.03564453125 0.041015625
0 0.0673828125 0.9026692708333333 0.0361328125 0.041015625
0 0.114990234375 0.8935546875 0.03369140625 0.03841145833333333
0 0.160400390625 0.8850911458333333 0.03271484375 0.03841145833333333
0 0.202880859375 0.8772786458333333 0.03076171875 0.037109375
0 0.244140625 0.8629557291666666 0.0302734375 0.037109375
0 0.284423828125 0.8610026041666666 0.02783203125 0.035807291666666664
0 0.340576171875 0.8479817708333333 0.02392578125 0.033203125
0 0.11083984375 0.9635416666666666 0.0341796875 0.0390625
0 0.70458984375 0.4983723958333333 0.0146484375 0.025390625
0 0.548828125 0.8089192708333333 0.0185546875 0.029296875
0 0.787109375 0.7682291666666666 0.0126953125 0.0234375
