0 0.064453125 0.1484375 0.0361328125 0.041666666666666664
0 0.033447265625 0.09895833333333333 0.03759765625 0.045572916666666664
0 0.08154296875 0.09505208333333333 0.037109375 0.04296875
0 0.128662109375 0.12337239583333333 0.03564453125 0.041015625
0 0.1689453125 0.109375 0.0322265625 0.04036458333333333
0 0.212158203125 0.12434895833333333 0.03173828125 0.04036458333333333
0 0.251708984375 0.1484375 0.02880859375 0.03515625
0 0.013671875 0.6162109375 0.02734375 0.04231770833333333
0 0.01806640625 0.7747395833333333 0.0361328125 0.04036458333333333
0 0.017822265625 0.9127604166666666 0.03564453125 0.041666666666666664
0 0.067626953125 0.9026692708333333 0.03662109375 0.041015625
0 0.115478515625 0.8932291666666666 0.03466796875 0.0390625
0 0.160400390625 0.884765625 0.03271484375 0.037760416666666664
0 0.203125 0.8766276041666666 0.03125 0.037109375
0 0.24365234375 0.86328125 0.029296875 0.03645833333333333
0 0.284423828125 0.8610026041666666 0.02783203125 0.035807291666666664
0 0.110595703125 0.9635416666666666 0.03466796875 0.0390625
0 0.33935546875 0.8479817708333333 0.02734375 0.031901041666666664
0 0.787353515625 0.7688802083333333 0.01220703125 0.0234375
0 0.547119140625 0.8131510416666666 0.01708984375 0.018229166666666664
0 0.704833984375 0.498046875 0.01513671875 0.026041666666666664
0 0.376953125 0.3408203125 0.025390625 0.033203125
