0 0.028076171875 0.79296875 0.01416015625 0.024739583333333332
0 0.0087890625 0.7431640625 0.013671875 0.026692708333333332
0 0.025634765625 0.7477213541666666 0.01416015625 0.025390625
0 0.043212890625 0.7516276041666666 0.01513671875 0.026692708333333332
0 0.061279296875 0.7555338541666666 0.01513671875 0.027994791666666664
0 0.0791015625 0.7542317708333333 0.015625 0.027994791666666664
0 0.100341796875 0.7630208333333333 0.01611328125 0.02734375
0 0.009765625 0.20833333333333331 0.0146484375 0.026041666666666664
0 0.028076171875 0.20703125 0.01611328125 0.024739583333333332
0 0.047607421875 0.21126302083333331 0.01611328125 0.024088541666666664
0 0.326904296875 0.4270833333333333 0.02099609375 0.033854166666666664
0 0.3740234375 0.45475260416666663 0.021484375 0.03450520833333333
0 0.405517578125 0.5602213541666666 0.02490234375 0.035807291666666664
0 0.712890625 0.890625 0.0322265625 0.04296875
