0 0.018310546875 0.9117838541666666 0.03662109375 0.043619791666666664
0 0.067138671875 0.9020182291666666 0.03759765625 0.04231770833333333
0 0.115478515625 0.8932291666666666 0.03564453125 0.04036458333333333
0 0.16064453125 0.8850911458333333 0.0341796875 0.039713541666666664
0 0.202880859375 0.8766276041666666 0.03271484375 0.03841145833333333
0 0.242919921875 0.8623046875 0.03076171875 0.037109375
0 0.28466796875 0.8606770833333333 0.0283203125 0.03645833333333333
0 0.111083984375 0.9632161458333333 0.03564453125 0.039713541666666664
0 0.59912109375 0.48046875 0.0185546875 0.029947916666666664
0 0.635009765625 0.5071614583333333 0.01806640625 0.02734375
0 0.653076171875 0.5882161458333333 0.01806640625 0.027994791666666664
0 0.902099609375 0.4248046875 0.01025390625 0.022786458333333332
0 0.79931640625 0.7682291666666666 0.01171875 0.024739583333333332
0 0.022216796875 0.15364583333333331 0.03955078125 0.04296875
0 0.032470703125 0.09798177083333333 0.03857421875 0.04231770833333333
0 0.0810546875 0.09309895833333333 0.037109375 0.041666666666666664
0 0.127197265625 0.12239583333333333 0.03564453125 0.041666666666666664
0 0.16748046875 0.10807291666666666 0.033203125 0.0390625
0 0.211181640625 0.1240234375 0.03173828125 0.035807291666666664
0 0.25048828125 0.1484375 0.0302734375 0.03645833333333333
