0 0.064697265625 0.14811197916666666 0.03662109375 0.041015625
0 0.032958984375 0.09798177083333333 0.03662109375 0.043619791666666664
0 0.081298828125 0.09407552083333333 0.03564453125 0.04231770833333333
0 0.128662109375 0.12272135416666666 0.03466796875 0.041015625
0 0.16796875 0.10807291666666666 0.0322265625 0.0390625
0 0.21142578125 0.12434895833333333 0.0302734375 0.037760416666666664
0 0.251220703125 0.14908854166666666 0.02880859375 0.037760416666666664
0 0.376708984375 0.34049479166666663 0.02490234375 0.03255208333333333
0 0.013916015625 0.6165364583333333 0.02783203125 0.041666666666666664
0 0.018310546875 0.7750651041666666 0.03564453125 0.041015625
0 0.017578125 0.9124348958333333 0.03515625 0.041015625
0 0.067626953125 0.9020182291666666 0.03759765625 0.041015625
0 0.114990234375 0.8935546875 0.03466796875 0.03841145833333333
0 0.160400390625 0.8854166666666666 0.03271484375 0.037760416666666664
0 0.203125 0.8772786458333333 0.0322265625 0.03841145833333333
0 0.243896484375 0.86328125 0.02978515625 0.03645833333333333
0 0.28466796875 0.861328125 0.0283203125 0.03515625
0 0.34033203125 0.8486328125 0.025390625 0.03450520833333333
0 0.111083984375 0.9641927083333333 0.03466796875 0.04036458333333333
0 0.548828125 0.8089192708333333 0.0185546875 0.029296875
0 0.78759765625 0.7688802083333333 0.0126953125 0.022135416666666664
0 0.704345703125 0.4983723958333333 0.01513671875 0.025390625
0 0.005615234375 0.12890625 0.01123046875 0.03645833333333333
