0 0.005615234375 0.1328125 0.01025390625 0.03645833333333333
0 0.032958984375 0.09765625 0.03759765625 0.04296875
0 0.064208984375 0.1484375 0.03759765625 0.04427083333333333
0 0.08154296875 0.09244791666666666 0.0361328125 0.0390625
0 0.128173828125 0.1240234375 0.03759765625 0.04622395833333333
0 0.169189453125 0.109375 0.03173828125 0.04296875
0 0.212158203125 0.12369791666666666 0.03173828125 0.04036458333333333
0 0.25146484375 0.14908854166666666 0.03125 0.04036458333333333
0 0.018310546875 0.7750651041666666 0.03662109375 0.04231770833333333
0 0.01416015625 0.6155598958333333 0.0263671875 0.041015625
0 0.017822265625 0.9108072916666666 0.03564453125 0.04036458333333333
0 0.0673828125 0.90234375 0.037109375 0.04296875
0 0.114990234375 0.8929036458333333 0.03466796875 0.041015625
0 0.111328125 0.9635416666666666 0.0341796875 0.04296875
0 0.159912109375 0.8844401041666666 0.03271484375 0.039713541666666664
0 0.202880859375 0.8763020833333333 0.03076171875 0.037760416666666664
0 0.243408203125 0.8623046875 0.02978515625 0.037109375
0 0.284423828125 0.8603515625 0.02783203125 0.037109375
0 0.34033203125 0.8479817708333333 0.025390625 0.033203125
0 0.37646484375 0.3401692708333333 0.025390625 0.03450520833333333
0 0.704833984375 0.4983723958333333 0.01513671875 0.026692708333333332
0 0.549072265625 0.8079427083333333 0.01904296875 0.029947916666666664
0 0.64208984375 0.7919921875 0.015625 0.025390625
0 0.786865234375 0.7685546875 0.01123046875 0.024088541666666664
