0 0.3955078125 0.23404947916666666 0.0234375 0.029296875
0 0.83154296875 0.3232421875 0.0146484375 0.024088541666666664
0 0.9560546875 0.31022135416666663 0.01171875 0.022786458333333332
0 0.97412109375 0.314453125 0.01171875 0.0234375
0 0.993408203125 0.3173828125 0.01220703125 0.021484375
0 0.988525390625 0.4326171875 0.01318359375 0.022786458333333332
0 0.97607421875 0.5113932291666666 0.013671875 0.024088541666666664
0 0.992919921875 0.5003255208333333 0.01220703125 0.022786458333333332
0 0.90625 0.8125 0.015625 0.02734375
0 0.995849609375 0.8427734375 0.00732421875 0.025390625
0 0.99169921875 0.89453125 0.01171875 0.029947916666666664
0 0.994384765625 0.9303385416666666 0.01025390625 0.024739583333333332
