0 0.005126953125 0.12890625 0.01025390625 0.03255208333333333
0 0.032958984375 0.09765625 0.03759765625 0.04427083333333333
0 0.063720703125 0.14713541666666666 0.03662109375 0.04036458333333333
0 0.081298828125 0.09244791666666666 0.03466796875 0.04296875
0 0.128173828125 0.1220703125 0.03369140625 0.041015625
0 0.16748046875 0.107421875 0.033203125 0.0390625
0 0.211669921875 0.123046875 0.03076171875 0.037760416666666664
0 0.250732421875 0.14713541666666666 0.02783203125 0.03515625
0 0.376708984375 0.3401692708333333 0.02490234375 0.033203125
0 0.014404296875 0.615234375 0.02685546875 0.0390625
0 0.01806640625 0.7740885416666666 0.0361328125 0.04036458333333333
0 0.018310546875 0.912109375 0.03466796875 0.0390625
0 0.067626953125 0.90234375 0.03466796875 0.037760416666666664
0 0.114990234375 0.8932291666666666 0.03466796875 0.0390625
0 0.111328125 0.9641927083333333 0.0341796875 0.0390625
0 0.159912109375 0.8850911458333333 0.03173828125 0.037109375
0 0.202880859375 0.8772786458333333 0.03076171875 0.037109375
0 0.24365234375 0.8626302083333333 0.0283203125 0.03645833333333333
0 0.284912109375 0.8610026041666666 0.02783203125 0.03450520833333333
0 0.33984375 0.8479817708333333 0.0244140625 0.029296875
0 0.547119140625 0.8147786458333333 0.01806640625 0.012369791666666666
0 0.64208984375 0.7919921875 0.0146484375 0.025390625
0 0.787353515625 0.7679036458333333 0.00927734375 0.025390625
0 0.704833984375 0.498046875 0.01416015625 0.024739583333333332
