0 0.009521484375 0.20865885416666666 0.01513671875 0.030598958333333332
0 0.02783203125 0.20703125 0.013671875 0.024739583333333332
0 0.04736328125 0.212890625 0.013671875 0.024739583333333332
0 0.009033203125 0.744140625 0.01220703125 0.026041666666666664
0 0.025634765625 0.7483723958333333 0.01318359375 0.025390625
0 0.043212890625 0.7513020833333333 0.01416015625 0.026041666666666664
0 0.061767578125 0.7552083333333333 0.01416015625 0.02734375
0 0.080078125 0.7545572916666666 0.013671875 0.02734375
0 0.101318359375 0.7633463541666666 0.01416015625 0.027994791666666664
0 0.0283203125 0.7936197916666666 0.0126953125 0.024739583333333332
0 0.40576171875 0.5595703125 0.021484375 0.033203125
0 0.327392578125 0.4280598958333333 0.02099609375 0.03450520833333333
0 0.375 0.4563802083333333 0.01953125 0.03255208333333333
0 0.713134765625 0.8922526041666666 0.03076171875 0.04231770833333333
