0 0.11083984375 0.9638671875 0.0361328125 0.039713541666666664
0 0.025146484375 0.9130859375 0.02294921875 0.043619791666666664
0 0.0673828125 0.9026692708333333 0.037109375 0.041015625
0 0.115234375 0.8938802083333333 0.03515625 0.04036458333333333
0 0.159912109375 0.8841145833333333 0.03466796875 0.0390625
0 0.20263671875 0.8763020833333333 0.0322265625 0.0390625
0 0.243896484375 0.8629557291666666 0.03173828125 0.03841145833333333
0 0.2841796875 0.861328125 0.0283203125 0.03645833333333333
0 0.033935546875 0.09765625 0.03759765625 0.04427083333333333
0 0.02197265625 0.15397135416666666 0.0390625 0.043619791666666664
0 0.081298828125 0.09375 0.03466796875 0.04296875
0 0.12841796875 0.12272135416666666 0.03515625 0.041015625
0 0.16796875 0.1083984375 0.0322265625 0.041015625
0 0.2119140625 0.1240234375 0.0302734375 0.041015625
0 0.251708984375 0.14876302083333331 0.03173828125 0.03841145833333333
0 0.599365234375 0.48046875 0.01806640625 0.028645833333333332
0 0.634765625 0.5068359375 0.01953125 0.030598958333333332
0 0.652587890625 0.5882161458333333 0.01708984375 0.029296875
0 0.799072265625 0.7682291666666666 0.01220703125 0.0234375
0 0.90234375 0.42447916666666663 0.009765625 0.01953125
