0 0.78759765625 0.7679036458333333 0.01171875 0.022786458333333332
0 0.70458984375 0.4973958333333333 0.0146484375 0.026041666666666664
0 0.3759765625 0.3401692708333333 0.025390625 0.033203125
0 0.250732421875 0.14908854166666666 0.02880859375 0.03645833333333333
0 0.211181640625 0.12532552083333331 0.03076171875 0.035807291666666664
0 0.167724609375 0.1083984375 0.03271484375 0.039713541666666664
0 0.12744140625 0.12272135416666666 0.03515625 0.041015625
0 0.064208984375 0.14811197916666666 0.03759765625 0.041015625
0 0.081298828125 0.09342447916666666 0.03662109375 0.041015625
0 0.032958984375 0.09733072916666666 0.03857421875 0.04231770833333333
0 0.00537109375 0.12890625 0.0107421875 0.03645833333333333
0 0.698974609375 0.24837239583333331 0.01513671875 0.026692708333333332
0 0.548828125 0.80859375 0.0185546875 0.028645833333333332
0 0.34033203125 0.84765625 0.025390625 0.033854166666666664
0 0.2841796875 0.8603515625 0.02734375 0.035807291666666664
0 0.2431640625 0.8619791666666666 0.029296875 0.03515625
0 0.202392578125 0.8759765625 0.03173828125 0.037109375
0 0.15966796875 0.8844401041666666 0.033203125 0.03841145833333333
0 0.114990234375 0.892578125 0.03466796875 0.0390625
0 0.06689453125 0.9016927083333333 0.037109375 0.04036458333333333
0 0.11083984375 0.9632161458333333 0.03515625 0.039713541666666664
0 0.017578125 0.9117838541666666 0.03515625 0.039713541666666664
0 0.018310546875 0.7737630208333333 0.03662109375 0.041015625
0 0.013916015625 0.6155598958333333 0.02783203125 0.041015625
