0 0.017822265625 0.9130859375 0.03564453125 0.04231770833333333
0 0.06689453125 0.90234375 0.037109375 0.0390625
0 0.115234375 0.8935546875 0.03515625 0.03841145833333333
0 0.160888671875 0.884765625 0.03369140625 0.037760416666666664
0 0.111083984375 0.9638671875 0.03369140625 0.039713541666666664
0 0.203125 0.8763020833333333 0.03125 0.03645833333333333
0 0.24365234375 0.8629557291666666 0.029296875 0.035807291666666664
0 0.284423828125 0.8603515625 0.02783203125 0.037109375
0 0.34033203125 0.8486328125 0.0263671875 0.03450520833333333
0 0.01806640625 0.7747395833333333 0.0361328125 0.041666666666666664
0 0.013671875 0.615234375 0.02734375 0.04036458333333333
0 0.032470703125 0.09765625 0.03955078125 0.04036458333333333
0 0.082275390625 0.0927734375 0.03564453125 0.039713541666666664
0 0.064208984375 0.14876302083333331 0.03759765625 0.041015625
0 0.1279296875 0.123046875 0.03515625 0.04036458333333333
0 0.168212890625 0.10807291666666666 0.03271484375 0.037760416666666664
0 0.21142578125 0.12369791666666666 0.03125 0.03645833333333333
0 0.251220703125 0.1484375 0.02978515625 0.03645833333333333
0 0.376953125 0.34049479166666663 0.025390625 0.03255208333333333
0 0.549072265625 0.8082682291666666 0.01904296875 0.029296875
0 0.64208984375 0.7919921875 0.015625 0.026692708333333332
0 0.78759765625 0.7679036458333333 0.0126953125 0.022786458333333332
0 0.69921875 0.24837239583333331 0.0146484375 0.025390625
0 0.7041015625 0.498046875 0.0146484375 0.024739583333333332
