0 0.916015625 0.7314453125 0.0087890625 0.021484375
0 0.798828125 0.7679036458333333 0.009765625 0.022786458333333332
0 0.90234375 0.4248046875 0.009765625 0.021484375
0 0.6533203125 0.5888671875 0.015625 0.026692708333333332
0 0.63525390625 0.5078125 0.015625 0.026041666666666664
0 0.599609375 0.4807942708333333 0.017578125 0.027994791666666664
0 0.018310546875 0.9124348958333333 0.03662109375 0.04231770833333333
0 0.0673828125 0.9016927083333333 0.037109375 0.041666666666666664
0 0.11572265625 0.8935546875 0.0341796875 0.039713541666666664
0 0.15966796875 0.8850911458333333 0.033203125 0.039713541666666664
0 0.20263671875 0.8772786458333333 0.0322265625 0.03841145833333333
0 0.2431640625 0.8629557291666666 0.029296875 0.035807291666666664
0 0.284912109375 0.8610026041666666 0.02783203125 0.035807291666666664
0 0.111083984375 0.962890625 0.03466796875 0.0390625
0 0.25146484375 0.14973958333333331 0.0283203125 0.037760416666666664
0 0.211669921875 0.12369791666666666 0.02978515625 0.03645833333333333
0 0.16796875 0.1083984375 0.03125 0.039713541666666664
0 0.12841796875 0.123046875 0.0341796875 0.041666666666666664
0 0.08154296875 0.09375 0.03515625 0.041666666666666664
0 0.033203125 0.09798177083333333 0.0361328125 0.043619791666666664
0 0.022705078125 0.154296875 0.03759765625 0.04036458333333333
