0 0.00927734375 0.7444661458333333 0.0126953125 0.026692708333333332
0 0.026123046875 0.7473958333333333 0.01220703125 0.024739583333333332
0 0.0439453125 0.7513020833333333 0.0126953125 0.024739583333333332
0 0.061279296875 0.7552083333333333 0.01318359375 0.026041666666666664
0 0.080322265625 0.7545572916666666 0.01416015625 0.026041666666666664
0 0.101318359375 0.7630208333333333 0.01416015625 0.026041666666666664
0 0.028076171875 0.7932942708333333 0.01416015625 0.026692708333333332
0 0.3271484375 0.427734375 0.01953125 0.033854166666666664
0 0.37451171875 0.45670572916666663 0.021484375 0.03450520833333333
0 0.406005859375 0.560546875 0.02392578125 0.03645833333333333
0 0.712890625 0.8922526041666666 0.033203125 0.041015625
0 0.047607421875 0.21256510416666666 0.01513671875 0.025390625
0 0.028564453125 0.20703125 0.01513671875 0.0234375
0 0.010009765625 0.20833333333333331 0.01416015625 0.0234375
