0 0.021484375 0.2981770833333333 0.03515625 0.049479166666666664
0 0.2177734375 0.34635416666666663 0.0302734375 0.03645833333333333
0 0.293701171875 0.22623697916666666 0.02880859375 0.03450520833333333
0 0.291748046875 0.17578125 0.02685546875 0.04036458333333333
0 0.3486328125 0.5485026041666666 0.0244140625 0.035807291666666664
0 0.418212890625 0.5478515625 0.02392578125 0.033203125
0 0.015380859375 0.6533203125 0.02880859375 0.041015625
0 0.0576171875 0.6702473958333333 0.0361328125 0.04231770833333333
0 0.076416015625 0.7180989583333333 0.03759765625 0.041666666666666664
0 0.0107421875 0.7802734375 0.021484375 0.044921875
0 0.6533203125 0.5625 0.0185546875 0.029947916666666664
0 0.934814453125 0.9283854166666666 0.01123046875 0.024739583333333332
0 0.982177734375 0.5328776041666666 0.00927734375 0.018880208333333332
