0 0.90234375 0.423828125 0.009765625 0.020833333333333332
0 0.7978515625 0.767578125 0.0107421875 0.022135416666666664
0 0.652587890625 0.5882161458333333 0.01416015625 0.025390625
0 0.634765625 0.5074869791666666 0.0146484375 0.026692708333333332
0 0.599609375 0.48111979166666663 0.017578125 0.028645833333333332
0 0.017578125 0.912109375 0.03515625 0.0390625
0 0.067138671875 0.9020182291666666 0.03466796875 0.03841145833333333
0 0.111328125 0.9638671875 0.03515625 0.03841145833333333
0 0.115478515625 0.8932291666666666 0.03466796875 0.0390625
0 0.16015625 0.884765625 0.0322265625 0.037760416666666664
0 0.202880859375 0.8766276041666666 0.03076171875 0.035807291666666664
0 0.244140625 0.8629557291666666 0.029296875 0.037109375
0 0.28466796875 0.8610026041666666 0.02734375 0.035807291666666664
0 0.251708984375 0.14811197916666666 0.02880859375 0.037109375
0 0.2119140625 0.12434895833333333 0.03125 0.03645833333333333
0 0.168701171875 0.10970052083333333 0.03271484375 0.041015625
0 0.1279296875 0.12337239583333333 0.0341796875 0.041015625
0 0.08154296875 0.09375 0.0361328125 0.041666666666666664
0 0.033447265625 0.09798177083333333 0.03857421875 0.04231770833333333
0 0.022216796875 0.15397135416666666 0.03857421875 0.041015625
