0 0.009033203125 0.7431640625 0.01318359375 0.024088541666666664
0 0.02587890625 0.748046875 0.0126953125 0.024739583333333332
0 0.042724609375 0.751953125 0.01318359375 0.024739583333333332
0 0.0615234375 0.7552083333333333 0.0146484375 0.02734375
0 0.079345703125 0.7542317708333333 0.01416015625 0.025390625
0 0.100341796875 0.7630208333333333 0.01513671875 0.028645833333333332
0 0.027587890625 0.79296875 0.01416015625 0.026041666666666664
0 0.4052734375 0.5602213541666666 0.0234375 0.035807291666666664
0 0.712158203125 0.892578125 0.03369140625 0.041666666666666664
0 0.327392578125 0.4280598958333333 0.02099609375 0.031901041666666664
0 0.37451171875 0.4560546875 0.0224609375 0.031901041666666664
0 0.046142578125 0.2119140625 0.01513671875 0.025390625
0 0.029052734375 0.20735677083333331 0.01416015625 0.024088541666666664
0 0.009521484375 0.20768229166666666 0.01416015625 0.024739583333333332
