0 0.68212890625 0.8834635416666666 0.0302734375 0.04036458333333333
0 0.44921875 0.06998697916666666 0.025390625 0.03841145833333333
0 0.48095703125 0.43131510416666663 0.0263671875 0.037109375
0 0.4072265625 0.822265625 0.0244140625 0.033854166666666664
0 0.295166015625 0.7965494791666666 0.01904296875 0.030598958333333332
0 0.02734375 0.7939453125 0.0146484375 0.025390625
0 0.0791015625 0.7545572916666666 0.0146484375 0.026041666666666664
0 0.0615234375 0.755859375 0.013671875 0.026041666666666664
0 0.04296875 0.7516276041666666 0.013671875 0.025390625
0 0.025634765625 0.748046875 0.01220703125 0.026041666666666664
0 0.0087890625 0.7425130208333333 0.0126953125 0.025390625
