0 0.127197265625 0.33463541666666663 0.01611328125 0.033854166666666664
0 0.44921875 0.06966145833333333 0.025390625 0.0390625
0 0.481201171875 0.4309895833333333 0.02587890625 0.037760416666666664
0 0.0087890625 0.7444661458333333 0.0146484375 0.025390625
0 0.02587890625 0.7473958333333333 0.0126953125 0.02734375
0 0.042724609375 0.7513020833333333 0.01416015625 0.02734375
0 0.060791015625 0.7552083333333333 0.01318359375 0.02734375
0 0.079345703125 0.7548828125 0.01513671875 0.027994791666666664
0 0.02734375 0.7936197916666666 0.0126953125 0.02734375
0 0.294921875 0.7978515625 0.0185546875 0.031901041666666664
0 0.4072265625 0.8212890625 0.021484375 0.03450520833333333
0 0.680908203125 0.8821614583333333 0.03271484375 0.04036458333333333
