0 0.78759765625 0.7679036458333333 0.01171875 0.022786458333333332
0 0.642333984375 0.7919921875 0.01611328125 0.025390625
0 0.549072265625 0.8079427083333333 0.01904296875 0.028645833333333332
0 0.340576171875 0.8473307291666666 0.02392578125 0.031901041666666664
0 0.28466796875 0.8606770833333333 0.02734375 0.03515625
0 0.24365234375 0.8629557291666666 0.0283203125 0.035807291666666664
0 0.203125 0.8766276041666666 0.03125 0.037109375
0 0.159912109375 0.8850911458333333 0.03173828125 0.037109375
0 0.114990234375 0.8932291666666666 0.03466796875 0.0390625
0 0.11083984375 0.9632161458333333 0.0341796875 0.037109375
0 0.0673828125 0.9016927083333333 0.03515625 0.04036458333333333
0 0.017822265625 0.9127604166666666 0.03564453125 0.041666666666666664
0 0.01806640625 0.7744140625 0.0361328125 0.041015625
0 0.013916015625 0.6165364583333333 0.02783203125 0.04296875
0 0.37646484375 0.34049479166666663 0.025390625 0.033854166666666664
0 0.251708984375 0.14908854166666666 0.02978515625 0.03515625
0 0.2119140625 0.12337239583333333 0.029296875 0.03841145833333333
0 0.168701171875 0.10904947916666666 0.03271484375 0.039713541666666664
0 0.127685546875 0.12239583333333333 0.03369140625 0.04036458333333333
0 0.064453125 0.14811197916666666 0.0390625 0.041015625
0 0.08154296875 0.09505208333333333 0.0361328125 0.04036458333333333
0 0.03271484375 0.09700520833333333 0.0390625 0.041666666666666664
0 0.698974609375 0.24837239583333331 0.01513671875 0.025390625
