0 0.44970703125 0.06901041666666666 0.025390625 0.0390625
0 0.48046875 0.431640625 0.025390625 0.0390625
0 0.009033203125 0.7438151041666666 0.01416015625 0.027994791666666664
0 0.025634765625 0.7483723958333333 0.01220703125 0.025390625
0 0.04345703125 0.7522786458333333 0.0146484375 0.025390625
0 0.06103515625 0.755859375 0.0146484375 0.02734375
0 0.079833984375 0.7545572916666666 0.01416015625 0.028645833333333332
0 0.02685546875 0.79296875 0.013671875 0.026041666666666664
0 0.29541015625 0.7975260416666666 0.01953125 0.03125
0 0.4072265625 0.8219401041666666 0.0224609375 0.033203125
0 0.68115234375 0.8828125 0.0322265625 0.04036458333333333
0 0.008056640625 0.21028645833333331 0.01611328125 0.033854166666666664
