0 0.00927734375 0.7431640625 0.013671875 0.025390625
0 0.027587890625 0.79296875 0.01416015625 0.02734375
0 0.025390625 0.7470703125 0.013671875 0.025390625
0 0.043701171875 0.7509765625 0.01513671875 0.026692708333333332
0 0.06103515625 0.7548828125 0.013671875 0.025390625
0 0.079833984375 0.7542317708333333 0.01513671875 0.026692708333333332
0 0.10107421875 0.7633463541666666 0.0166015625 0.027994791666666664
0 0.009765625 0.20963541666666666 0.0126953125 0.0234375
0 0.028076171875 0.20638020833333331 0.01416015625 0.02734375
0 0.047119140625 0.2119140625 0.01318359375 0.026692708333333332
0 0.327880859375 0.427734375 0.02099609375 0.033854166666666664
0 0.374755859375 0.4563802083333333 0.02197265625 0.03515625
0 0.405517578125 0.5602213541666666 0.02392578125 0.033203125
0 0.712158203125 0.8922526041666666 0.03271484375 0.041015625
