0 0.746826171875 0.568359375 0.01416015625 0.026041666666666664
0 0.935302734375 0.9287109375 0.01025390625 0.022786458333333332
0 0.419189453125 0.5472005208333333 0.02392578125 0.031901041666666664
0 0.348876953125 0.5481770833333333 0.02783203125 0.03515625
0 0.076904296875 0.7174479166666666 0.03759765625 0.041666666666666664
0 0.058349609375 0.6692708333333333 0.03662109375 0.041666666666666664
0 0.010986328125 0.7796223958333333 0.02197265625 0.043619791666666664
0 0.01904296875 0.2962239583333333 0.0380859375 0.04036458333333333
0 0.217529296875 0.34635416666666663 0.03173828125 0.03645833333333333
0 0.294189453125 0.2255859375 0.02783203125 0.03450520833333333
0 0.2919921875 0.17610677083333331 0.0263671875 0.033203125
0 0.015625 0.6533203125 0.03125 0.04231770833333333
