0 0.450927734375 0.16861979166666666 0.02392578125 0.0390625
0 0.16650390625 0.31705729166666663 0.033203125 0.04036458333333333
0 0.038818359375 0.38346354166666663 0.03857421875 0.041666666666666664
0 0.178466796875 0.7783203125 0.03076171875 0.039713541666666664
0 0.236572265625 0.8444010416666666 0.02978515625 0.037760416666666664
0 0.61474609375 0.8030598958333333 0.0244140625 0.030598958333333332
0 0.697509765625 0.5882161458333333 0.02001953125 0.029296875
0 0.696044921875 0.5107421875 0.02001953125 0.033203125
0 0.748046875 0.46256510416666663 0.0166015625 0.027994791666666664
0 0.778076171875 0.35807291666666663 0.01708984375 0.029947916666666664
