0 0.283447265625 0.8590494791666666 0.02978515625 0.035807291666666664
0 0.242431640625 0.8629557291666666 0.03271484375 0.039713541666666664
0 0.202392578125 0.8759765625 0.02978515625 0.03841145833333333
0 0.16064453125 0.8863932291666666 0.0361328125 0.03841145833333333
0 0.11572265625 0.892578125 0.0380859375 0.04427083333333333
0 0.067138671875 0.9036458333333333 0.03466796875 0.04427083333333333
0 0.01708984375 0.9127604166666666 0.03125 0.04296875
0 0.11083984375 0.9622395833333333 0.0341796875 0.04296875
0 0.2509765625 0.15104166666666666 0.033203125 0.045572916666666664
0 0.605712890625 0.7014973958333333 0.01806640625 0.027994791666666664
0 0.69384765625 0.40104166666666663 0.017578125 0.029947916666666664
0 0.86083984375 0.46451822916666663 0.01171875 0.022786458333333332
0 0.902099609375 0.4241536458333333 0.01220703125 0.025390625
0 0.799560546875 0.7672526041666666 0.01220703125 0.021484375
0 0.8984375 0.6904296875 0.0087890625 0.024088541666666664
0 0.915771484375 0.7301432291666666 0.01220703125 0.021484375
0 0.212890625 0.12272135416666666 0.033203125 0.039713541666666664
0 0.16943359375 0.10904947916666666 0.033203125 0.039713541666666664
0 0.128173828125 0.12141927083333333 0.03369140625 0.039713541666666664
0 0.083740234375 0.09309895833333333 0.03857421875 0.046875
0 0.02197265625 0.15462239583333331 0.0400390625 0.043619791666666664
0 0.0322265625 0.09830729166666666 0.0380859375 0.04427083333333333
