0 0.009521484375 0.7425130208333333 0.01220703125 0.024088541666666664
0 0.026123046875 0.7473958333333333 0.01220703125 0.0234375
0 0.043701171875 0.7509765625 0.01318359375 0.025390625
0 0.06103515625 0.7548828125 0.013671875 0.025390625
0 0.080078125 0.7545572916666666 0.013671875 0.026041666666666664
0 0.100830078125 0.7626953125 0.01416015625 0.026692708333333332
0 0.02783203125 0.7926432291666666 0.0126953125 0.024088541666666664
0 0.712158203125 0.8916015625 0.03271484375 0.041015625
0 0.326904296875 0.427734375 0.02099609375 0.03255208333333333
0 0.3740234375 0.45572916666666663 0.021484375 0.033854166666666664
0 0.4052734375 0.5598958333333333 0.0224609375 0.033854166666666664
0 0.046630859375 0.21126302083333331 0.01416015625 0.026692708333333332
0 0.027099609375 0.20638020833333331 0.01416015625 0.024739583333333332
0 0.01025390625 0.20963541666666666 0.013671875 0.024739583333333332
