0 0.01806640625 0.912109375 0.0361328125 0.04296875
0 0.0673828125 0.9013671875 0.0390625 0.043619791666666664
0 0.114990234375 0.8929036458333333 0.03466796875 0.041015625
0 0.159912109375 0.8844401041666666 0.03369140625 0.041015625
0 0.203125 0.8763020833333333 0.03125 0.0390625
0 0.24365234375 0.86328125 0.03125 0.037760416666666664
0 0.284912109375 0.861328125 0.02880859375 0.03645833333333333
0 0.11083984375 0.9632161458333333 0.03515625 0.041015625
0 0.89794921875 0.69140625 0.01171875 0.022135416666666664
0 0.916015625 0.7320963541666666 0.009765625 0.021484375
0 0.79931640625 0.7672526041666666 0.01171875 0.024088541666666664
0 0.599609375 0.4798177083333333 0.017578125 0.02734375
0 0.635009765625 0.5071614583333333 0.01806640625 0.028645833333333332
0 0.652587890625 0.5888671875 0.01611328125 0.026692708333333332
0 0.90185546875 0.4241536458333333 0.0107421875 0.021484375
0 0.02197265625 0.154296875 0.0390625 0.04296875
0 0.03271484375 0.09733072916666666 0.0390625 0.04231770833333333
0 0.080810546875 0.09309895833333333 0.03662109375 0.04296875
0 0.127197265625 0.12272135416666666 0.03564453125 0.041015625
0 0.16748046875 0.10807291666666666 0.0322265625 0.04036458333333333
0 0.21142578125 0.1240234375 0.03125 0.037109375
0 0.25048828125 0.14778645833333331 0.029296875 0.03645833333333333
