0 0.032958984375 0.09830729166666666 0.03759765625 0.041666666666666664
0 0.064208984375 0.14876302083333331 0.03759765625 0.041015625
0 0.081298828125 0.09407552083333333 0.03564453125 0.041015625
0 0.1279296875 0.12272135416666666 0.0341796875 0.041015625
0 0.16796875 0.1083984375 0.033203125 0.039713541666666664
0 0.2119140625 0.12434895833333333 0.0302734375 0.037760416666666664
0 0.25146484375 0.1484375 0.029296875 0.03645833333333333
0 0.013671875 0.6155598958333333 0.0263671875 0.04231770833333333
0 0.017822265625 0.7744140625 0.03564453125 0.03841145833333333
0 0.017822265625 0.912109375 0.03564453125 0.041666666666666664
0 0.067626953125 0.9026692708333333 0.03564453125 0.041015625
0 0.115234375 0.892578125 0.033203125 0.037760416666666664
0 0.111572265625 0.9638671875 0.03564453125 0.03841145833333333
0 0.160888671875 0.8844401041666666 0.03173828125 0.037109375
0 0.203369140625 0.876953125 0.03173828125 0.037760416666666664
0 0.2431640625 0.8616536458333333 0.029296875 0.03450520833333333
0 0.28466796875 0.8616536458333333 0.029296875 0.03450520833333333
0 0.3408203125 0.84765625 0.0244140625 0.03255208333333333
0 0.783447265625 0.7298177083333333 0.01318359375 0.026041666666666664
0 0.889892578125 0.44889322916666663 0.01025390625 0.021484375
0 0.85205078125 0.5732421875 0.0146484375 0.022786458333333332
