0 0.065185546875 0.14876302083333331 0.03662109375 0.04231770833333333
0 0.032958984375 0.0986328125 0.03857421875 0.044921875
0 0.0810546875 0.09342447916666666 0.0341796875 0.04231770833333333
0 0.12841796875 0.12272135416666666 0.0341796875 0.039713541666666664
0 0.16845703125 0.1083984375 0.03125 0.039713541666666664
0 0.212890625 0.125 0.03125 0.03645833333333333
0 0.2509765625 0.1494140625 0.0302734375 0.03841145833333333
0 0.013916015625 0.615234375 0.02783203125 0.041666666666666664
0 0.0185546875 0.7740885416666666 0.0361328125 0.04036458333333333
0 0.01806640625 0.912109375 0.03515625 0.041666666666666664
0 0.0673828125 0.90234375 0.0361328125 0.0390625
0 0.11572265625 0.8932291666666666 0.0341796875 0.037760416666666664
0 0.16015625 0.884765625 0.033203125 0.037760416666666664
0 0.203369140625 0.876953125 0.03076171875 0.03645833333333333
0 0.111083984375 0.9638671875 0.03466796875 0.03841145833333333
0 0.24365234375 0.8629557291666666 0.029296875 0.035807291666666664
0 0.284912109375 0.8610026041666666 0.02783203125 0.035807291666666664
0 0.341064453125 0.8483072916666666 0.02490234375 0.03255208333333333
0 0.735107421875 0.6988932291666666 0.01513671875 0.024088541666666664
0 0.9423828125 0.6966145833333333 0.0107421875 0.01953125
