0 0.01806640625 0.9124348958333333 0.0361328125 0.041015625
0 0.01806640625 0.7750651041666666 0.0361328125 0.041015625
0 0.013916015625 0.615234375 0.02783203125 0.04036458333333333
0 0.067626953125 0.9020182291666666 0.03564453125 0.039713541666666664
0 0.115234375 0.8929036458333333 0.033203125 0.03841145833333333
0 0.110595703125 0.9635416666666666 0.03466796875 0.037760416666666664
0 0.160400390625 0.884765625 0.03271484375 0.037760416666666664
0 0.20361328125 0.8766276041666666 0.03125 0.037109375
0 0.24365234375 0.8626302083333333 0.0283203125 0.03515625
0 0.284423828125 0.8600260416666666 0.02783203125 0.03645833333333333
0 0.340576171875 0.8479817708333333 0.02685546875 0.03450520833333333
0 0.032958984375 0.0966796875 0.03857421875 0.041015625
0 0.06396484375 0.14778645833333331 0.037109375 0.041666666666666664
0 0.081787109375 0.09309895833333333 0.03466796875 0.04036458333333333
0 0.12841796875 0.12369791666666666 0.03515625 0.04036458333333333
0 0.16845703125 0.1083984375 0.03125 0.03841145833333333
0 0.2119140625 0.12434895833333333 0.0302734375 0.037760416666666664
0 0.251220703125 0.15006510416666666 0.02880859375 0.03450520833333333
0 0.783203125 0.685546875 0.0126953125 0.024739583333333332
0 0.952392578125 0.6891276041666666 0.00927734375 0.020182291666666664
