0 0.82568359375 0.6751302083333333 0.0126953125 0.0234375
0 0.960693359375 0.6826171875 0.01025390625 0.018880208333333332
0 0.013916015625 0.6162109375 0.02783203125 0.04231770833333333
0 0.018310546875 0.7734375 0.03662109375 0.0390625
0 0.017822265625 0.9111328125 0.03564453125 0.039713541666666664
0 0.0673828125 0.9013671875 0.0361328125 0.037109375
0 0.114990234375 0.892578125 0.03466796875 0.0390625
0 0.160400390625 0.8844401041666666 0.03173828125 0.03841145833333333
0 0.20263671875 0.8772786458333333 0.0322265625 0.037109375
0 0.243896484375 0.8629557291666666 0.02978515625 0.037109375
0 0.2841796875 0.8600260416666666 0.0283203125 0.03645833333333333
0 0.340576171875 0.8483072916666666 0.02490234375 0.03125
0 0.11083984375 0.9638671875 0.0341796875 0.03841145833333333
0 0.25146484375 0.14908854166666666 0.0302734375 0.03645833333333333
0 0.211669921875 0.1240234375 0.03173828125 0.037109375
0 0.168701171875 0.1083984375 0.03271484375 0.03841145833333333
0 0.127197265625 0.12369791666666666 0.03466796875 0.04036458333333333
0 0.0810546875 0.09244791666666666 0.03515625 0.0390625
0 0.06396484375 0.14778645833333331 0.037109375 0.041666666666666664
0 0.032958984375 0.0966796875 0.03857421875 0.04231770833333333
0 0.005859375 0.13118489583333331 0.01171875 0.035807291666666664
