0 0.00537109375 0.1318359375 0.009765625 0.026692708333333332
0 0.0322265625 0.09765625 0.03515625 0.04036458333333333
0 0.064453125 0.1484375 0.03515625 0.041666666666666664
0 0.081787109375 0.09440104166666666 0.03076171875 0.03645833333333333
0 0.12841796875 0.1220703125 0.03125 0.035807291666666664
0 0.16796875 0.10807291666666666 0.029296875 0.037760416666666664
0 0.211181640625 0.12272135416666666 0.02685546875 0.03450520833333333
0 0.2509765625 0.14778645833333331 0.0283203125 0.03515625
0 0.013427734375 0.6158854166666666 0.02587890625 0.041666666666666664
0 0.018310546875 0.7744140625 0.03662109375 0.039713541666666664
0 0.017822265625 0.9114583333333333 0.03466796875 0.041666666666666664
0 0.066650390625 0.9020182291666666 0.03564453125 0.03841145833333333
0 0.111572265625 0.962890625 0.03076171875 0.03645833333333333
0 0.115478515625 0.8932291666666666 0.03369140625 0.0390625
0 0.159912109375 0.8850911458333333 0.03076171875 0.037109375
0 0.203369140625 0.8766276041666666 0.02978515625 0.035807291666666664
0 0.24365234375 0.8626302083333333 0.0283203125 0.03645833333333333
0 0.284912109375 0.8606770833333333 0.02685546875 0.03515625
0 0.341064453125 0.8486328125 0.02587890625 0.031901041666666664
0 0.864990234375 0.6653645833333333 0.00927734375 0.01953125
0 0.9677734375 0.6761067708333333 0.0068359375 0.018880208333333332
0 0.997314453125 0.6305338541666666 0.00341796875 0.020182291666666664
