0 0.268798828125 0.5621744791666666 0.02197265625 0.031901041666666664
0 0.174560546875 0.740234375 0.01708984375 0.02734375
0 0.02783203125 0.7926432291666666 0.01171875 0.025390625
0 0.061279296875 0.755859375 0.01416015625 0.026041666666666664
0 0.04345703125 0.7516276041666666 0.0126953125 0.025390625
0 0.025634765625 0.7477213541666666 0.01318359375 0.024088541666666664
0 0.009033203125 0.7438151041666666 0.01220703125 0.025390625
0 0.07958984375 0.7574869791666666 0.013671875 0.018880208333333332
0 0.046142578125 0.2109375 0.01611328125 0.02734375
0 0.028076171875 0.20670572916666666 0.01513671875 0.025390625
0 0.010498046875 0.20865885416666666 0.01318359375 0.026692708333333332
