0 0.005126953125 0.1318359375 0.01025390625 0.029296875
0 0.033447265625 0.09798177083333333 0.03662109375 0.041015625
0 0.081787109375 0.09342447916666666 0.03466796875 0.039713541666666664
0 0.064453125 0.14908854166666666 0.037109375 0.041666666666666664
0 0.1279296875 0.12369791666666666 0.0341796875 0.04036458333333333
0 0.168212890625 0.10774739583333333 0.03173828125 0.03841145833333333
0 0.211669921875 0.12434895833333333 0.02978515625 0.0390625
0 0.251220703125 0.14908854166666666 0.02880859375 0.03645833333333333
0 0.013671875 0.6158854166666666 0.02734375 0.04036458333333333
0 0.01806640625 0.7744140625 0.0361328125 0.039713541666666664
0 0.01806640625 0.9124348958333333 0.0361328125 0.041015625
0 0.0673828125 0.9016927083333333 0.0361328125 0.0390625
0 0.115234375 0.8932291666666666 0.03515625 0.037760416666666664
0 0.160400390625 0.884765625 0.03173828125 0.03645833333333333
0 0.202880859375 0.876953125 0.03076171875 0.037760416666666664
0 0.111083984375 0.9635416666666666 0.03369140625 0.0390625
0 0.2431640625 0.8629557291666666 0.029296875 0.035807291666666664
0 0.284423828125 0.861328125 0.02783203125 0.03515625
0 0.26123046875 0.5677083333333333 0.02734375 0.04036458333333333
0 0.584228515625 0.7203776041666666 0.01806640625 0.026692708333333332
0 0.963134765625 0.7434895833333333 0.00634765625 0.01953125
0 0.99560546875 0.6608072916666666 0.0068359375 0.020833333333333332
