0 0.291748046875 0.17643229166666666 0.02685546875 0.033854166666666664
0 0.29443359375 0.22591145833333331 0.02734375 0.03515625
0 0.4775390625 0.2529296875 0.021484375 0.030598958333333332
0 0.217529296875 0.3460286458333333 0.03076171875 0.035807291666666664
0 0.935302734375 0.9280598958333333 0.00927734375 0.021484375
0 0.010986328125 0.7783203125 0.02197265625 0.041015625
0 0.01513671875 0.6526692708333333 0.0302734375 0.041015625
0 0.058349609375 0.6686197916666666 0.03662109375 0.04036458333333333
0 0.0771484375 0.7180989583333333 0.0380859375 0.04036458333333333
0 0.020263671875 0.2972005208333333 0.03759765625 0.041015625
0 0.19677734375 0.5546875 0.03125 0.03645833333333333
0 0.3515625 0.5462239583333333 0.0244140625 0.03255208333333333
