0 0.625 0.658203125 0.03125 0.0390625
0 0.9580078125 0.8199869791666666 0.04296875 0.047526041666666664
0 0.1005859375 0.7623697916666666 0.0146484375 0.026041666666666664
0 0.07958984375 0.7545572916666666 0.0146484375 0.026041666666666664
0 0.060791015625 0.7545572916666666 0.01416015625 0.026041666666666664
0 0.04345703125 0.7513020833333333 0.013671875 0.026041666666666664
0 0.028076171875 0.7926432291666666 0.01220703125 0.024088541666666664
0 0.026123046875 0.7477213541666666 0.01220703125 0.025390625
0 0.0087890625 0.7431640625 0.0126953125 0.025390625
0 0.046875 0.21126302083333331 0.015625 0.025390625
0 0.02783203125 0.2060546875 0.0146484375 0.025390625
0 0.010986328125 0.208984375 0.01416015625 0.024739583333333332
