0 0.009033203125 0.744140625 0.01318359375 0.026041666666666664
0 0.025390625 0.7470703125 0.013671875 0.026692708333333332
0 0.04345703125 0.7509765625 0.013671875 0.026692708333333332
0 0.06103515625 0.7555338541666666 0.013671875 0.025390625
0 0.079833984375 0.75390625 0.01416015625 0.02734375
0 0.100341796875 0.7626953125 0.01416015625 0.026692708333333332
0 0.027587890625 0.79296875 0.01318359375 0.024739583333333332
0 0.0107421875 0.20930989583333331 0.0146484375 0.027994791666666664
0 0.028076171875 0.2060546875 0.01513671875 0.025390625
0 0.04736328125 0.2119140625 0.013671875 0.024088541666666664
0 0.505126953125 0.5764973958333333 0.02978515625 0.037109375
