0 0.013671875 0.6155598958333333 0.02734375 0.039713541666666664
0 0.01806640625 0.7744140625 0.0361328125 0.039713541666666664
0 0.01806640625 0.912109375 0.0361328125 0.04036458333333333
0 0.06689453125 0.90234375 0.0361328125 0.0390625
0 0.111083984375 0.9638671875 0.03466796875 0.039713541666666664
0 0.114990234375 0.8932291666666666 0.03369140625 0.037760416666666664
0 0.16015625 0.884765625 0.0322265625 0.037760416666666664
0 0.202392578125 0.876953125 0.03173828125 0.037760416666666664
0 0.243408203125 0.8629557291666666 0.02880859375 0.035807291666666664
0 0.284423828125 0.8606770833333333 0.02783203125 0.03515625
0 0.059814453125 0.4280598958333333 0.03662109375 0.039713541666666664
0 0.032470703125 0.0966796875 0.03857421875 0.04231770833333333
0 0.064208984375 0.1484375 0.03759765625 0.04296875
0 0.080810546875 0.09309895833333333 0.03564453125 0.041666666666666664
0 0.1279296875 0.123046875 0.0341796875 0.04036458333333333
0 0.16845703125 0.10807291666666666 0.0322265625 0.0390625
0 0.2109375 0.123046875 0.03125 0.0390625
0 0.250732421875 0.1484375 0.02978515625 0.03645833333333333
0 0.684814453125 0.5791015625 0.01513671875 0.026692708333333332
0 0.99560546875 0.6604817708333333 0.0078125 0.018880208333333332
