0 0.01806640625 0.9124348958333333 0.0361328125 0.041015625
0 0.067138671875 0.9020182291666666 0.03662109375 0.039713541666666664
0 0.114990234375 0.8929036458333333 0.03369140625 0.03841145833333333
0 0.16015625 0.8844401041666666 0.0322265625 0.037109375
0 0.110595703125 0.9635416666666666 0.03369140625 0.037760416666666664
0 0.20263671875 0.8766276041666666 0.03125 0.035807291666666664
0 0.2431640625 0.8629557291666666 0.029296875 0.035807291666666664
0 0.28466796875 0.8610026041666666 0.02734375 0.03450520833333333
0 0.599365234375 0.48046875 0.01806640625 0.02734375
0 0.63525390625 0.5078125 0.0166015625 0.02734375
0 0.653076171875 0.5882161458333333 0.01611328125 0.027994791666666664
0 0.902099609375 0.4241536458333333 0.01025390625 0.021484375
0 0.97021484375 0.5804036458333333 0.0107421875 0.018880208333333332
0 0.799072265625 0.7669270833333333 0.01123046875 0.022135416666666664
0 0.898193359375 0.6917317708333333 0.01025390625 0.021484375
0 0.916015625 0.7320963541666666 0.009765625 0.021484375
0 0.2509765625 0.14876302083333331 0.0283203125 0.035807291666666664
0 0.211669921875 0.12369791666666666 0.03076171875 0.037760416666666664
0 0.0224609375 0.1533203125 0.0390625 0.041015625
0 0.032958984375 0.09765625 0.03759765625 0.041666666666666664
0 0.0810546875 0.09309895833333333 0.03515625 0.04036458333333333
0 0.16845703125 0.1083984375 0.0322265625 0.03841145833333333
0 0.1279296875 0.1220703125 0.0341796875 0.039713541666666664
