0 0.02001953125 0.2962239583333333 0.0380859375 0.04036458333333333
0 0.217529296875 0.3466796875 0.03173828125 0.03841145833333333
0 0.2939453125 0.22591145833333331 0.02734375 0.033854166666666664
0 0.291748046875 0.17578125 0.02587890625 0.033854166666666664
0 0.348388671875 0.5485026041666666 0.02783203125 0.037109375
0 0.419189453125 0.5472005208333333 0.02099609375 0.029296875
0 0.015380859375 0.6529947916666666 0.03076171875 0.041666666666666664
0 0.05859375 0.6702473958333333 0.037109375 0.04231770833333333
0 0.076416015625 0.7174479166666666 0.03662109375 0.04036458333333333
0 0.010986328125 0.7796223958333333 0.02197265625 0.04231770833333333
0 0.640380859375 0.5602213541666666 0.01611328125 0.029296875
0 0.935791015625 0.9283854166666666 0.00830078125 0.0234375
0 0.97314453125 0.5283203125 0.009765625 0.022786458333333332
