0 0.005126953125 0.1298828125 0.01025390625 0.035807291666666664
0 0.033447265625 0.09765625 0.03759765625 0.041666666666666664
0 0.064208984375 0.1484375 0.03466796875 0.04427083333333333
0 0.0810546875 0.09244791666666666 0.0361328125 0.041666666666666664
0 0.128173828125 0.12239583333333333 0.03564453125 0.04036458333333333
0 0.168701171875 0.107421875 0.03271484375 0.04036458333333333
0 0.212646484375 0.12272135416666666 0.03076171875 0.03841145833333333
0 0.251708984375 0.14811197916666666 0.02783203125 0.035807291666666664
0 0.059814453125 0.4280598958333333 0.03955078125 0.041015625
0 0.013916015625 0.615234375 0.02783203125 0.04036458333333333
0 0.01806640625 0.7747395833333333 0.0361328125 0.041666666666666664
0 0.018310546875 0.9124348958333333 0.03662109375 0.04231770833333333
0 0.06787109375 0.9013671875 0.0361328125 0.039713541666666664
0 0.114990234375 0.8935546875 0.03564453125 0.04231770833333333
0 0.16015625 0.8844401041666666 0.033203125 0.03841145833333333
0 0.203125 0.8756510416666666 0.03125 0.037760416666666664
0 0.2431640625 0.8626302083333333 0.0302734375 0.037760416666666664
0 0.284912109375 0.8606770833333333 0.02783203125 0.037760416666666664
0 0.11083984375 0.9635416666666666 0.03515625 0.041666666666666664
0 0.6455078125 0.5559895833333333 0.015625 0.02734375
0 0.99560546875 0.6598307291666666 0.0078125 0.020182291666666664
