0 0.01025390625 0.208984375 0.013671875 0.024739583333333332
0 0.02783203125 0.20735677083333331 0.0146484375 0.024088541666666664
0 0.047607421875 0.21223958333333331 0.01318359375 0.024739583333333332
0 0.009033203125 0.7438151041666666 0.01318359375 0.024088541666666664
0 0.025634765625 0.748046875 0.01220703125 0.024739583333333332
0 0.04296875 0.7509765625 0.013671875 0.025390625
0 0.060791015625 0.7545572916666666 0.01318359375 0.026041666666666664
0 0.079345703125 0.7548828125 0.01416015625 0.027994791666666664
0 0.1005859375 0.7626953125 0.015625 0.027994791666666664
0 0.027587890625 0.7936197916666666 0.01318359375 0.026041666666666664
0 0.3935546875 0.517578125 0.0234375 0.03645833333333333
