0 0.2841796875 0.8597005208333333 0.02734375 0.035807291666666664
0 0.243408203125 0.8619791666666666 0.02978515625 0.03645833333333333
0 0.20263671875 0.8763020833333333 0.0302734375 0.037760416666666664
0 0.15966796875 0.8844401041666666 0.0322265625 0.03841145833333333
0 0.114990234375 0.892578125 0.03466796875 0.037760416666666664
0 0.06689453125 0.9010416666666666 0.0361328125 0.04036458333333333
0 0.110595703125 0.9632161458333333 0.03466796875 0.03841145833333333
0 0.01806640625 0.912109375 0.0361328125 0.041666666666666664
0 0.018310546875 0.7744140625 0.03662109375 0.041015625
0 0.013671875 0.6155598958333333 0.02734375 0.041015625
0 0.059814453125 0.4287109375 0.03759765625 0.039713541666666664
0 0.00537109375 0.1298828125 0.0107421875 0.035807291666666664
0 0.032470703125 0.09700520833333333 0.03857421875 0.04296875
0 0.064208984375 0.14811197916666666 0.03759765625 0.043619791666666664
0 0.0810546875 0.09375 0.0361328125 0.041666666666666664
0 0.12744140625 0.12272135416666666 0.03515625 0.041015625
0 0.16748046875 0.1083984375 0.033203125 0.03841145833333333
0 0.21142578125 0.1240234375 0.03125 0.03841145833333333
0 0.2509765625 0.1494140625 0.029296875 0.035807291666666664
0 0.565185546875 0.5052083333333333 0.01904296875 0.028645833333333332
0 0.966552734375 0.693359375 0.00830078125 0.020833333333333332
