0 0.058349609375 0.4309895833333333 0.03271484375 0.0390625
0 0.011474609375 0.6149088541666666 0.01904296875 0.031901041666666664
0 0.015625 0.7744140625 0.0263671875 0.039713541666666664
0 0.0185546875 0.9111328125 0.0322265625 0.037109375
0 0.066650390625 0.9013671875 0.03076171875 0.033203125
0 0.115234375 0.8929036458333333 0.03125 0.033203125
0 0.157470703125 0.884765625 0.02783203125 0.03515625
0 0.203125 0.876953125 0.0283203125 0.028645833333333332
0 0.2421875 0.8626302083333333 0.0263671875 0.033854166666666664
0 0.28515625 0.8626302083333333 0.0244140625 0.03255208333333333
0 0.1103515625 0.9635416666666666 0.029296875 0.03515625
0 0.516357421875 0.47623697916666663 0.01611328125 0.031901041666666664
0 0.870849609375 0.33658854166666663 0.00732421875 0.01953125
0 0.92919921875 0.732421875 0.0087890625 0.0234375
