0 0.01806640625 0.7740885416666666 0.0361328125 0.041666666666666664
0 0.017822265625 0.9124348958333333 0.03564453125 0.041015625
0 0.0673828125 0.9020182291666666 0.0361328125 0.039713541666666664
0 0.11474609375 0.8932291666666666 0.033203125 0.037760416666666664
0 0.159912109375 0.884765625 0.03173828125 0.037760416666666664
0 0.202392578125 0.8772786458333333 0.03076171875 0.037109375
0 0.243408203125 0.8629557291666666 0.02978515625 0.035807291666666664
0 0.284423828125 0.8603515625 0.02783203125 0.035807291666666664
0 0.11083984375 0.9635416666666666 0.0341796875 0.0390625
0 0.013671875 0.6162109375 0.02734375 0.039713541666666664
0 0.059326171875 0.42838541666666663 0.03662109375 0.04036458333333333
0 0.032958984375 0.09733072916666666 0.03857421875 0.041015625
0 0.08154296875 0.09244791666666666 0.037109375 0.04036458333333333
0 0.064208984375 0.1484375 0.03759765625 0.041666666666666664
0 0.1279296875 0.123046875 0.033203125 0.0390625
0 0.168212890625 0.107421875 0.03173828125 0.0390625
0 0.211669921875 0.12434895833333333 0.03076171875 0.037760416666666664
0 0.25146484375 0.1484375 0.0302734375 0.033854166666666664
0 0.491943359375 0.4612630208333333 0.02001953125 0.030598958333333332
0 0.912109375 0.7506510416666666 0.0107421875 0.022135416666666664
0 0.833984375 0.2815755208333333 0.01171875 0.022786458333333332
