0 0.678466796875 0.023111979166666664 0.03662109375 0.04622395833333333
0 0.19873046875 0.4153645833333333 0.017578125 0.029947916666666664
0 0.0478515625 0.21158854166666666 0.013671875 0.026041666666666664
0 0.02734375 0.20475260416666666 0.0166015625 0.025390625
0 0.011474609375 0.20703125 0.01220703125 0.024739583333333332
0 0.1015625 0.7626953125 0.0146484375 0.026692708333333332
0 0.08056640625 0.75390625 0.013671875 0.026041666666666664
0 0.06201171875 0.7555338541666666 0.013671875 0.027994791666666664
0 0.043212890625 0.7503255208333333 0.01318359375 0.025390625
0 0.026611328125 0.7470703125 0.01318359375 0.025390625
0 0.00927734375 0.7428385416666666 0.0126953125 0.0234375
0 0.02734375 0.7923177083333333 0.0126953125 0.02734375
