0 0.01416015625 0.6149088541666666 0.0283203125 0.043619791666666664
0 0.017578125 0.775390625 0.03515625 0.0390625
0 0.0185546875 0.9130859375 0.0341796875 0.041015625
0 0.069091796875 0.90234375 0.03564453125 0.03645833333333333
0 0.115478515625 0.8951822916666666 0.03564453125 0.03125
0 0.160888671875 0.8873697916666666 0.03173828125 0.0390625
0 0.20263671875 0.876953125 0.029296875 0.037760416666666664
0 0.244140625 0.86328125 0.03125 0.03255208333333333
0 0.283935546875 0.861328125 0.02783203125 0.03255208333333333
0 0.10986328125 0.9658203125 0.0341796875 0.035807291666666664
0 0.034423828125 0.099609375 0.04150390625 0.045572916666666664
0 0.08154296875 0.09407552083333333 0.0341796875 0.047526041666666664
0 0.06591796875 0.14778645833333331 0.0341796875 0.04427083333333333
0 0.12890625 0.1220703125 0.03515625 0.05013020833333333
0 0.169189453125 0.10807291666666666 0.03271484375 0.041666666666666664
0 0.213623046875 0.12760416666666666 0.03466796875 0.0390625
0 0.251708984375 0.150390625 0.02685546875 0.0390625
0 0.0595703125 0.4280598958333333 0.0390625 0.043619791666666664
0 0.4228515625 0.4212239583333333 0.0234375 0.03125
0 0.751953125 0.31608072916666663 0.0146484375 0.035807291666666664
0 0.902587890625 0.7477213541666666 0.01318359375 0.022786458333333332
