0 0.9169921875 0.7327473958333333 0.009765625 0.020182291666666664
0 0.89794921875 0.69140625 0.009765625 0.020833333333333332
0 0.79931640625 0.7672526041666666 0.0107421875 0.022786458333333332
0 0.919921875 0.591796875 0.0107421875 0.01953125
0 0.902099609375 0.42545572916666663 0.01025390625 0.021484375
0 0.65283203125 0.5882161458333333 0.0146484375 0.025390625
0 0.6357421875 0.5091145833333333 0.015625 0.026041666666666664
0 0.59912109375 0.48046875 0.0185546875 0.02734375
0 0.284423828125 0.861328125 0.02685546875 0.03645833333333333
0 0.2431640625 0.8629557291666666 0.0283203125 0.035807291666666664
0 0.202880859375 0.8772786458333333 0.03076171875 0.037109375
0 0.159912109375 0.884765625 0.03271484375 0.037760416666666664
0 0.017578125 0.9124348958333333 0.03515625 0.041015625
0 0.066650390625 0.9016927083333333 0.03662109375 0.0390625
0 0.115478515625 0.8938802083333333 0.03466796875 0.0390625
0 0.11083984375 0.9635416666666666 0.0341796875 0.0390625
0 0.251220703125 0.1484375 0.02783203125 0.03515625
0 0.2119140625 0.12369791666666666 0.0302734375 0.0390625
0 0.16845703125 0.10872395833333333 0.0322265625 0.0390625
0 0.128173828125 0.12337239583333333 0.03466796875 0.039713541666666664
0 0.081787109375 0.09375 0.03564453125 0.04296875
0 0.032470703125 0.09830729166666666 0.03759765625 0.04427083333333333
0 0.0224609375 0.15462239583333331 0.0380859375 0.04231770833333333
