0 0.02001953125 0.29654947916666663 0.0400390625 0.039713541666666664
0 0.29248046875 0.17708333333333331 0.02734375 0.03255208333333333
0 0.294189453125 0.22623697916666666 0.02685546875 0.03450520833333333
0 0.218017578125 0.3466796875 0.03173828125 0.037109375
0 0.014892578125 0.6526692708333333 0.02978515625 0.041015625
0 0.058837890625 0.6695963541666666 0.03564453125 0.039713541666666664
0 0.1962890625 0.5546875 0.03125 0.03645833333333333
0 0.076904296875 0.7184244791666666 0.03564453125 0.039713541666666664
0 0.010986328125 0.7799479166666666 0.02197265625 0.04296875
0 0.4775390625 0.25358072916666663 0.0205078125 0.030598958333333332
0 0.935791015625 0.9280598958333333 0.00830078125 0.020182291666666664
