0 0.017578125 0.9117838541666666 0.03515625 0.041015625
0 0.0673828125 0.90234375 0.037109375 0.04036458333333333
0 0.115234375 0.8932291666666666 0.03515625 0.0390625
0 0.160400390625 0.8850911458333333 0.03271484375 0.039713541666666664
0 0.111083984375 0.9638671875 0.03466796875 0.03841145833333333
0 0.203125 0.876953125 0.03125 0.03645833333333333
0 0.24365234375 0.8629557291666666 0.0302734375 0.035807291666666664
0 0.28466796875 0.8610026041666666 0.0283203125 0.03450520833333333
0 0.018310546875 0.7747395833333333 0.03662109375 0.041666666666666664
0 0.013671875 0.6158854166666666 0.02734375 0.04036458333333333
0 0.06005859375 0.4287109375 0.0390625 0.039713541666666664
0 0.274169921875 0.3427734375 0.02783203125 0.035807291666666664
0 0.032470703125 0.09733072916666666 0.03857421875 0.041015625
0 0.06396484375 0.1484375 0.0380859375 0.041666666666666664
0 0.08154296875 0.0927734375 0.0361328125 0.041015625
0 0.127685546875 0.12272135416666666 0.03369140625 0.039713541666666664
0 0.16845703125 0.10872395833333333 0.033203125 0.0390625
0 0.211669921875 0.12337239583333333 0.03076171875 0.03841145833333333
0 0.2509765625 0.1484375 0.029296875 0.03645833333333333
0 0.647705078125 0.3597005208333333 0.01708984375 0.026692708333333332
0 0.927490234375 0.6337890625 0.01025390625 0.020182291666666664
0 0.9013671875 0.7483723958333333 0.009765625 0.020182291666666664
