0 0.005126953125 0.1318359375 0.01025390625 0.030598958333333332
0 0.033203125 0.09798177083333333 0.0361328125 0.04231770833333333
0 0.064208984375 0.14908854166666666 0.03759765625 0.04296875
0 0.0810546875 0.09375 0.03515625 0.041666666666666664
0 0.128173828125 0.12369791666666666 0.03466796875 0.04036458333333333
0 0.16796875 0.10872395833333333 0.0322265625 0.04036458333333333
0 0.21240234375 0.12369791666666666 0.0302734375 0.037760416666666664
0 0.251220703125 0.1484375 0.02783203125 0.03515625
0 0.059326171875 0.4290364583333333 0.03662109375 0.0390625
0 0.259521484375 0.33756510416666663 0.02880859375 0.03450520833333333
0 0.013671875 0.6155598958333333 0.02734375 0.041015625
0 0.017822265625 0.7750651041666666 0.03564453125 0.041015625
0 0.01806640625 0.912109375 0.0361328125 0.04036458333333333
0 0.0673828125 0.9020182291666666 0.037109375 0.041015625
0 0.115234375 0.8929036458333333 0.0341796875 0.03841145833333333
0 0.111083984375 0.9635416666666666 0.03466796875 0.0390625
0 0.160400390625 0.884765625 0.03271484375 0.037760416666666664
0 0.203125 0.876953125 0.03125 0.037760416666666664
0 0.24365234375 0.86328125 0.029296875 0.03645833333333333
0 0.284423828125 0.8610026041666666 0.02783203125 0.035807291666666664
0 0.651611328125 0.3841145833333333 0.01611328125 0.028645833333333332
0 0.861083984375 0.6451822916666666 0.01123046875 0.020833333333333332
0 0.901611328125 0.7483723958333333 0.01025390625 0.021484375
