0 0.5986328125 0.48014322916666663 0.017578125 0.027994791666666664
0 0.63525390625 0.5084635416666666 0.0166015625 0.026041666666666664
0 0.652587890625 0.5888671875 0.01708984375 0.027994791666666664
0 0.86474609375 0.6041666666666666 0.009765625 0.020833333333333332
0 0.90185546875 0.42350260416666663 0.009765625 0.021484375
0 0.01806640625 0.912109375 0.0361328125 0.04036458333333333
0 0.067138671875 0.9020182291666666 0.03662109375 0.039713541666666664
0 0.115234375 0.8932291666666666 0.0341796875 0.037760416666666664
0 0.16015625 0.8844401041666666 0.0322265625 0.037109375
0 0.202880859375 0.8766276041666666 0.03173828125 0.037109375
0 0.24365234375 0.8623046875 0.029296875 0.035807291666666664
0 0.284423828125 0.8610026041666666 0.02685546875 0.033203125
0 0.11083984375 0.9635416666666666 0.0341796875 0.0390625
0 0.798828125 0.767578125 0.01171875 0.022135416666666664
0 0.897705078125 0.6920572916666666 0.00927734375 0.01953125
0 0.916259765625 0.7320963541666666 0.00927734375 0.020182291666666664
0 0.02197265625 0.154296875 0.0390625 0.04296875
0 0.032958984375 0.09798177083333333 0.03857421875 0.04231770833333333
0 0.081298828125 0.09309895833333333 0.03662109375 0.041666666666666664
0 0.127685546875 0.12272135416666666 0.03466796875 0.041015625
0 0.16796875 0.1083984375 0.033203125 0.039713541666666664
0 0.2119140625 0.12369791666666666 0.03125 0.037760416666666664
0 0.25146484375 0.14908854166666666 0.0283203125 0.03645833333333333
