0 0.90185546875 0.7477213541666666 0.0107421875 0.020182291666666664
0 0.21142578125 0.3108723958333333 0.03125 0.037109375
0 0.24951171875 0.14713541666666666 0.0283203125 0.03255208333333333
0 0.211181640625 0.12272135416666666 0.03271484375 0.035807291666666664
0 0.168212890625 0.10709635416666666 0.03173828125 0.03841145833333333
0 0.127685546875 0.12076822916666666 0.03076171875 0.039713541666666664
0 0.081298828125 0.0927734375 0.03369140625 0.03841145833333333
0 0.03369140625 0.09733072916666666 0.0390625 0.04231770833333333
0 0.064697265625 0.1484375 0.03662109375 0.04427083333333333
0 0.006103515625 0.12955729166666666 0.01220703125 0.03255208333333333
0 0.06005859375 0.427734375 0.0380859375 0.041666666666666664
0 0.013671875 0.615234375 0.02734375 0.03645833333333333
0 0.026611328125 0.7327473958333333 0.03857421875 0.041015625
0 0.018310546875 0.912109375 0.03662109375 0.041666666666666664
0 0.06689453125 0.9020182291666666 0.0361328125 0.041015625
0 0.115478515625 0.8929036458333333 0.03271484375 0.03841145833333333
0 0.16015625 0.884765625 0.0322265625 0.037760416666666664
0 0.20361328125 0.8766276041666666 0.0322265625 0.03841145833333333
0 0.24365234375 0.8619791666666666 0.0283203125 0.03645833333333333
0 0.284423828125 0.8616536458333333 0.02880859375 0.03450520833333333
0 0.1103515625 0.9635416666666666 0.033203125 0.037760416666666664
