0 0.018310546875 0.912109375 0.03662109375 0.041666666666666664
0 0.06787109375 0.90234375 0.037109375 0.04036458333333333
0 0.11572265625 0.8935546875 0.0341796875 0.039713541666666664
0 0.16015625 0.8850911458333333 0.0322265625 0.03841145833333333
0 0.202880859375 0.8763020833333333 0.03173828125 0.03645833333333333
0 0.24365234375 0.8629557291666666 0.029296875 0.037109375
0 0.284423828125 0.8606770833333333 0.02783203125 0.03515625
0 0.11083984375 0.9632161458333333 0.0341796875 0.03841145833333333
0 0.022705078125 0.15462239583333331 0.03955078125 0.04231770833333333
0 0.03271484375 0.09798177083333333 0.0380859375 0.041015625
0 0.080810546875 0.09375 0.03466796875 0.04036458333333333
0 0.128662109375 0.123046875 0.03369140625 0.04036458333333333
0 0.167724609375 0.10872395833333333 0.03271484375 0.041666666666666664
0 0.212158203125 0.1240234375 0.03076171875 0.041015625
0 0.250732421875 0.14876302083333331 0.02978515625 0.039713541666666664
0 0.599609375 0.48046875 0.0185546875 0.028645833333333332
0 0.63525390625 0.5074869791666666 0.017578125 0.027994791666666664
0 0.653076171875 0.587890625 0.01611328125 0.028645833333333332
0 0.799072265625 0.7679036458333333 0.01220703125 0.021484375
0 0.805419921875 0.6178385416666666 0.01416015625 0.022135416666666664
0 0.8984375 0.6923828125 0.0107421875 0.020182291666666664
0 0.91650390625 0.732421875 0.009765625 0.020833333333333332
0 0.90234375 0.42545572916666663 0.0107421875 0.020182291666666664
