0 0.01123046875 0.7805989583333333 0.021484375 0.04427083333333333
0 0.015869140625 0.6533203125 0.03076171875 0.04622395833333333
0 0.05810546875 0.6695963541666666 0.037109375 0.04231770833333333
0 0.076171875 0.7180989583333333 0.0390625 0.04296875
0 0.19677734375 0.5546875 0.0322265625 0.037760416666666664
0 0.0205078125 0.29752604166666663 0.0400390625 0.04296875
0 0.217529296875 0.3466796875 0.03173828125 0.03841145833333333
0 0.293701171875 0.22591145833333331 0.02685546875 0.03515625
0 0.291748046875 0.17578125 0.02685546875 0.03255208333333333
0 0.322998046875 0.5146484375 0.02685546875 0.035807291666666664
0 0.478271484375 0.2542317708333333 0.02197265625 0.031901041666666664
0 0.935546875 0.9287109375 0.0078125 0.021484375
