0 0.9013671875 0.748046875 0.009765625 0.020833333333333332
0 0.90478515625 0.6044921875 0.009765625 0.020182291666666664
0 0.281982421875 0.359375 0.02587890625 0.03645833333333333
0 0.05908203125 0.4287109375 0.0390625 0.04231770833333333
0 0.025146484375 0.7333984375 0.03857421875 0.041015625
0 0.013916015625 0.6155598958333333 0.02783203125 0.041015625
0 0.2509765625 0.1494140625 0.029296875 0.035807291666666664
0 0.21142578125 0.1240234375 0.0302734375 0.03841145833333333
0 0.16748046875 0.10807291666666666 0.033203125 0.04036458333333333
0 0.12744140625 0.123046875 0.03515625 0.041666666666666664
0 0.06396484375 0.1484375 0.0380859375 0.04296875
0 0.080810546875 0.09342447916666666 0.03662109375 0.04231770833333333
0 0.03173828125 0.09733072916666666 0.0400390625 0.043619791666666664
0 0.0048828125 0.12955729166666666 0.009765625 0.037760416666666664
0 0.28466796875 0.8603515625 0.02734375 0.035807291666666664
0 0.24365234375 0.8619791666666666 0.029296875 0.03645833333333333
0 0.203369140625 0.8759765625 0.03173828125 0.037109375
0 0.160400390625 0.8844401041666666 0.03271484375 0.037109375
0 0.115234375 0.8929036458333333 0.0341796875 0.03841145833333333
0 0.067138671875 0.9013671875 0.03662109375 0.039713541666666664
0 0.017822265625 0.9108072916666666 0.03564453125 0.04036458333333333
0 0.111083984375 0.9632161458333333 0.03466796875 0.039713541666666664
