0 0.07666015625 0.3671875 0.0166015625 0.026041666666666664
0 0.04736328125 0.21223958333333331 0.013671875 0.022135416666666664
0 0.029541015625 0.20768229166666666 0.01318359375 0.020833333333333332
0 0.011474609375 0.20963541666666666 0.01416015625 0.0234375
0 0.100830078125 0.7626953125 0.01513671875 0.027994791666666664
0 0.027587890625 0.7926432291666666 0.01220703125 0.025390625
0 0.080078125 0.7552083333333333 0.0146484375 0.02734375
0 0.061767578125 0.7552083333333333 0.01318359375 0.02734375
0 0.0439453125 0.751953125 0.0126953125 0.02734375
0 0.026123046875 0.7477213541666666 0.01318359375 0.025390625
0 0.0087890625 0.7438151041666666 0.0126953125 0.025390625
