0 0.03369140625 0.09830729166666666 0.0380859375 0.04427083333333333
0 0.064453125 0.1494140625 0.037109375 0.044921875
0 0.08203125 0.0947265625 0.0341796875 0.043619791666666664
0 0.128173828125 0.12337239583333333 0.03466796875 0.04231770833333333
0 0.16796875 0.10807291666666666 0.033203125 0.0390625
0 0.212158203125 0.12467447916666666 0.03076171875 0.03841145833333333
0 0.251708984375 0.14908854166666666 0.02978515625 0.04036458333333333
0 0.060302734375 0.42838541666666663 0.03662109375 0.041666666666666664
0 0.013671875 0.6158854166666666 0.02734375 0.041666666666666664
0 0.025634765625 0.7337239583333333 0.03759765625 0.04036458333333333
0 0.017578125 0.9108072916666666 0.03515625 0.041666666666666664
0 0.067138671875 0.9016927083333333 0.03564453125 0.0390625
0 0.115478515625 0.8932291666666666 0.03466796875 0.0390625
0 0.16064453125 0.8850911458333333 0.0322265625 0.03841145833333333
0 0.203125 0.876953125 0.0302734375 0.0390625
0 0.24365234375 0.8629557291666666 0.029296875 0.035807291666666664
0 0.28466796875 0.8610026041666666 0.02734375 0.035807291666666664
0 0.111083984375 0.9635416666666666 0.03466796875 0.0390625
0 0.892578125 0.640625 0.009765625 0.022135416666666664
0 0.90185546875 0.7490234375 0.009765625 0.021484375
0 0.399169921875 0.3938802083333333 0.02197265625 0.03515625
