0 0.010009765625 0.20930989583333331 0.01318359375 0.026692708333333332
0 0.028564453125 0.20703125 0.01318359375 0.024739583333333332
0 0.04736328125 0.21126302083333331 0.0146484375 0.027994791666666664
0 0.3017578125 0.3929036458333333 0.01953125 0.030598958333333332
0 0.00927734375 0.744140625 0.01171875 0.026041666666666664
0 0.026123046875 0.7477213541666666 0.01220703125 0.025390625
0 0.043701171875 0.7516276041666666 0.01318359375 0.025390625
0 0.02783203125 0.7926432291666666 0.0126953125 0.025390625
0 0.061279296875 0.7552083333333333 0.01318359375 0.02734375
0 0.079833984375 0.7545572916666666 0.01416015625 0.02734375
0 0.10107421875 0.7626953125 0.0146484375 0.027994791666666664
0 0.941162109375 0.8369140625 0.04345703125 0.047526041666666664
