0 0.017822265625 0.912109375 0.03564453125 0.04036458333333333
0 0.06689453125 0.9020182291666666 0.03515625 0.039713541666666664
0 0.111083984375 0.9641927083333333 0.03466796875 0.04036458333333333
0 0.114990234375 0.8935546875 0.03466796875 0.039713541666666664
0 0.160400390625 0.8854166666666666 0.03271484375 0.0390625
0 0.202880859375 0.8766276041666666 0.03173828125 0.037109375
0 0.243896484375 0.86328125 0.02978515625 0.03645833333333333
0 0.284423828125 0.8606770833333333 0.02685546875 0.03515625
0 0.91650390625 0.7327473958333333 0.0087890625 0.020182291666666664
0 0.898193359375 0.6923828125 0.01025390625 0.020182291666666664
0 0.799072265625 0.7682291666666666 0.00927734375 0.022135416666666664
0 0.739990234375 0.6321614583333333 0.01318359375 0.0234375
0 0.65283203125 0.5885416666666666 0.0146484375 0.02734375
0 0.634765625 0.5084635416666666 0.015625 0.026041666666666664
0 0.599365234375 0.4798177083333333 0.01708984375 0.028645833333333332
0 0.902099609375 0.4251302083333333 0.00927734375 0.022135416666666664
0 0.251220703125 0.1494140625 0.02783203125 0.035807291666666664
0 0.2119140625 0.12434895833333333 0.03125 0.037760416666666664
0 0.16796875 0.10774739583333333 0.033203125 0.039713541666666664
0 0.128173828125 0.123046875 0.03466796875 0.04036458333333333
0 0.081298828125 0.09375 0.03564453125 0.041666666666666664
0 0.03271484375 0.09798177083333333 0.0380859375 0.041015625
0 0.022705078125 0.15397135416666666 0.03857421875 0.04231770833333333
