0 0.9072265625 0.8902994791666666 0.0400390625 0.044921875
0 0.392822265625 0.40234375 0.02197265625 0.033854166666666664
0 0.047607421875 0.21223958333333331 0.01416015625 0.0234375
0 0.028564453125 0.20768229166666666 0.01513671875 0.026041666666666664
0 0.010986328125 0.208984375 0.01220703125 0.026041666666666664
0 0.10009765625 0.7626953125 0.013671875 0.027994791666666664
0 0.079345703125 0.7548828125 0.01416015625 0.026692708333333332
0 0.061767578125 0.7552083333333333 0.01416015625 0.026041666666666664
0 0.044189453125 0.7516276041666666 0.01318359375 0.024088541666666664
0 0.025390625 0.7464192708333333 0.0126953125 0.025390625
0 0.008056640625 0.7438151041666666 0.01416015625 0.026692708333333332
0 0.028564453125 0.7936197916666666 0.01318359375 0.02734375
