0 0.005126953125 0.13151041666666666 0.01025390625 0.037760416666666664
0 0.033447265625 0.09733072916666666 0.03759765625 0.043619791666666664
0 0.064208984375 0.14908854166666666 0.03662109375 0.04296875
0 0.081787109375 0.09309895833333333 0.03564453125 0.04427083333333333
0 0.128173828125 0.123046875 0.03564453125 0.04036458333333333
0 0.16796875 0.107421875 0.0322265625 0.04036458333333333
0 0.21142578125 0.12369791666666666 0.03125 0.0390625
0 0.251708984375 0.14876302083333331 0.02880859375 0.037109375
0 0.060302734375 0.42936197916666663 0.03857421875 0.041015625
0 0.013671875 0.615234375 0.025390625 0.04296875
0 0.025146484375 0.7333984375 0.03857421875 0.043619791666666664
0 0.017822265625 0.9108072916666666 0.03564453125 0.041666666666666664
0 0.067138671875 0.9020182291666666 0.03759765625 0.039713541666666664
0 0.115478515625 0.8929036458333333 0.03466796875 0.04231770833333333
0 0.160400390625 0.8841145833333333 0.03271484375 0.0390625
0 0.202880859375 0.8766276041666666 0.03173828125 0.03841145833333333
0 0.243408203125 0.86328125 0.03076171875 0.037760416666666664
0 0.2841796875 0.8610026041666666 0.0283203125 0.03841145833333333
0 0.111083984375 0.962890625 0.03564453125 0.04036458333333333
0 0.86083984375 0.7340494791666666 0.0107421875 0.021484375
0 0.902587890625 0.7483723958333333 0.00927734375 0.020182291666666664
0 0.649169921875 0.4680989583333333 0.01416015625 0.024739583333333332
