0 0.59765625 0.4261067708333333 0.033203125 0.04231770833333333
0 0.867431640625 0.923828125 0.04052734375 0.04427083333333333
0 0.02783203125 0.79296875 0.013671875 0.024739583333333332
0 0.1005859375 0.7630208333333333 0.015625 0.02734375
0 0.07958984375 0.75390625 0.0146484375 0.02734375
0 0.06103515625 0.7552083333333333 0.0126953125 0.026041666666666664
0 0.04345703125 0.7516276041666666 0.013671875 0.025390625
0 0.025634765625 0.7473958333333333 0.01318359375 0.024739583333333332
0 0.009033203125 0.7431640625 0.01318359375 0.026692708333333332
0 0.047119140625 0.2109375 0.01416015625 0.02734375
0 0.028076171875 0.20540364583333331 0.01611328125 0.029296875
0 0.010009765625 0.208984375 0.01416015625 0.024739583333333332
