0 0.020263671875 0.2958984375 0.03662109375 0.043619791666666664
0 0.218994140625 0.34733072916666663 0.03369140625 0.035807291666666664
0 0.197509765625 0.5537109375 0.02685546875 0.035807291666666664
0 0.014892578125 0.6526692708333333 0.02783203125 0.039713541666666664
0 0.05908203125 0.6689453125 0.037109375 0.04622395833333333
0 0.0751953125 0.7177734375 0.03515625 0.039713541666666664
0 0.011474609375 0.779296875 0.01904296875 0.04427083333333333
0 0.295654296875 0.2255859375 0.02978515625 0.035807291666666664
0 0.294189453125 0.17610677083333331 0.03076171875 0.03841145833333333
0 0.307861328125 0.5185546875 0.02587890625 0.037109375
0 0.367919921875 0.5481770833333333 0.02099609375 0.024739583333333332
0 0.477294921875 0.25162760416666663 0.01806640625 0.027994791666666664
0 0.9375 0.9319661458333333 0.01171875 0.022786458333333332
