0 0.01025390625 0.20833333333333331 0.013671875 0.02734375
0 0.02880859375 0.20638020833333331 0.0146484375 0.02734375
0 0.046630859375 0.21256510416666666 0.01513671875 0.027994791666666664
0 0.009033203125 0.7438151041666666 0.01318359375 0.025390625
0 0.025634765625 0.7477213541666666 0.01318359375 0.025390625
0 0.043701171875 0.7509765625 0.01318359375 0.026692708333333332
0 0.061279296875 0.755859375 0.01416015625 0.026041666666666664
0 0.079833984375 0.7548828125 0.01416015625 0.027994791666666664
0 0.10107421875 0.7630208333333333 0.015625 0.02734375
0 0.02734375 0.79296875 0.013671875 0.026041666666666664
0 0.864990234375 0.9192708333333333 0.03955078125 0.04427083333333333
0 0.853271484375 0.4593098958333333 0.03662109375 0.047526041666666664
