0 0.864990234375 0.9192708333333333 0.03955078125 0.04427083333333333
0 0.027587890625 0.7926432291666666 0.01318359375 0.025390625
0 0.10107421875 0.7630208333333333 0.0146484375 0.02734375
0 0.079833984375 0.7545572916666666 0.01513671875 0.02734375
0 0.061279296875 0.7552083333333333 0.01416015625 0.026041666666666664
0 0.04345703125 0.7509765625 0.013671875 0.026692708333333332
0 0.025634765625 0.7473958333333333 0.01318359375 0.026041666666666664
0 0.00927734375 0.7438151041666666 0.0126953125 0.025390625
0 0.046875 0.21126302083333331 0.0146484375 0.026692708333333332
0 0.027587890625 0.2060546875 0.01416015625 0.026692708333333332
0 0.010498046875 0.20930989583333331 0.01318359375 0.027994791666666664
