0 0.865478515625 0.9202473958333333 0.03955078125 0.044921875
0 0.02783203125 0.7926432291666666 0.013671875 0.025390625
0 0.0087890625 0.7434895833333333 0.0126953125 0.024739583333333332
0 0.025390625 0.7473958333333333 0.013671875 0.024739583333333332
0 0.043212890625 0.7513020833333333 0.01318359375 0.026041666666666664
0 0.061279296875 0.7545572916666666 0.01416015625 0.02734375
0 0.07958984375 0.7545572916666666 0.013671875 0.02734375
0 0.1005859375 0.7630208333333333 0.0146484375 0.026041666666666664
0 0.046875 0.21061197916666666 0.0146484375 0.027994791666666664
0 0.028564453125 0.2060546875 0.01416015625 0.027994791666666664
0 0.01025390625 0.20865885416666666 0.0126953125 0.026692708333333332
