0 0.864990234375 0.9186197916666666 0.03857421875 0.04427083333333333
0 0.028076171875 0.7926432291666666 0.01318359375 0.025390625
0 0.009033203125 0.744140625 0.01318359375 0.026041666666666664
0 0.02587890625 0.7473958333333333 0.013671875 0.024739583333333332
0 0.04296875 0.7509765625 0.013671875 0.024088541666666664
0 0.061279296875 0.7548828125 0.01318359375 0.025390625
0 0.07958984375 0.7542317708333333 0.0146484375 0.025390625
0 0.100830078125 0.7626953125 0.01513671875 0.026692708333333332
0 0.010009765625 0.20833333333333331 0.01416015625 0.02734375
0 0.027587890625 0.205078125 0.01416015625 0.02734375
0 0.04638671875 0.21061197916666666 0.015625 0.029296875
