0 0.32666015625 0.427734375 0.021484375 0.033854166666666664
0 0.373779296875 0.45572916666666663 0.02197265625 0.033854166666666664
0 0.405029296875 0.5595703125 0.02294921875 0.03450520833333333
0 0.21044921875 0.6497395833333333 0.0185546875 0.028645833333333332
0 0.1005859375 0.7623697916666666 0.015625 0.02734375
0 0.079833984375 0.7552083333333333 0.01416015625 0.026041666666666664
0 0.061279296875 0.7555338541666666 0.01318359375 0.026692708333333332
0 0.043701171875 0.7516276041666666 0.01318359375 0.025390625
0 0.026123046875 0.7477213541666666 0.01220703125 0.025390625
0 0.00927734375 0.744140625 0.0126953125 0.024739583333333332
0 0.027587890625 0.7932942708333333 0.01318359375 0.025390625
0 0.712158203125 0.8919270833333333 0.03271484375 0.04036458333333333
0 0.047607421875 0.21126302083333331 0.01416015625 0.027994791666666664
0 0.0283203125 0.20638020833333331 0.013671875 0.026041666666666664
0 0.010498046875 0.20865885416666666 0.01416015625 0.026692708333333332
