0 0.250244140625 0.1484375 0.02783203125 0.037760416666666664
0 0.211669921875 0.1240234375 0.02978515625 0.037109375
0 0.16796875 0.109375 0.03125 0.0390625
0 0.127685546875 0.12239583333333333 0.03369140625 0.0390625
0 0.081298828125 0.09375 0.03564453125 0.04036458333333333
0 0.0322265625 0.09733072916666666 0.0380859375 0.04231770833333333
0 0.022705078125 0.154296875 0.03857421875 0.04296875
0 0.017822265625 0.9127604166666666 0.03564453125 0.04036458333333333
0 0.066650390625 0.90234375 0.03662109375 0.04036458333333333
0 0.11083984375 0.9641927083333333 0.033203125 0.0390625
0 0.11474609375 0.8935546875 0.0341796875 0.03841145833333333
0 0.16015625 0.8850911458333333 0.0322265625 0.03841145833333333
0 0.20263671875 0.8766276041666666 0.03125 0.037109375
0 0.24365234375 0.86328125 0.029296875 0.03645833333333333
0 0.284423828125 0.8610026041666666 0.02685546875 0.03450520833333333
0 0.46484375 0.6891276041666666 0.021484375 0.029296875
0 0.65283203125 0.5885416666666666 0.0146484375 0.026041666666666664
0 0.635009765625 0.5084635416666666 0.01513671875 0.026041666666666664
0 0.599609375 0.48014322916666663 0.0166015625 0.027994791666666664
0 0.798828125 0.7679036458333333 0.01171875 0.022786458333333332
0 0.916259765625 0.7327473958333333 0.00927734375 0.020182291666666664
0 0.89794921875 0.6910807291666666 0.009765625 0.020182291666666664
0 0.902099609375 0.4251302083333333 0.00927734375 0.020833333333333332
