0 0.693603515625 0.6637369791666666 0.01220703125 0.026692708333333332
0 0.02587890625 0.7340494791666666 0.0390625 0.039713541666666664
0 0.017822265625 0.9117838541666666 0.03466796875 0.04231770833333333
0 0.067138671875 0.9029947916666666 0.03857421875 0.041666666666666664
0 0.110595703125 0.9641927083333333 0.03564453125 0.04036458333333333
0 0.11474609375 0.8935546875 0.0341796875 0.041015625
0 0.159423828125 0.8834635416666666 0.03271484375 0.0390625
0 0.202392578125 0.8766276041666666 0.03369140625 0.037109375
0 0.24365234375 0.8623046875 0.029296875 0.037109375
0 0.284423828125 0.8610026041666666 0.02783203125 0.037109375
0 0.013671875 0.6165364583333333 0.02734375 0.041666666666666664
0 0.064208984375 0.1484375 0.03955078125 0.04427083333333333
0 0.081787109375 0.09244791666666666 0.03271484375 0.04427083333333333
0 0.033447265625 0.0966796875 0.03369140625 0.039713541666666664
0 0.12841796875 0.12272135416666666 0.0361328125 0.04231770833333333
0 0.169677734375 0.107421875 0.03369140625 0.04036458333333333
0 0.21337890625 0.12565104166666666 0.0283203125 0.041666666666666664
0 0.25048828125 0.14778645833333331 0.0302734375 0.041666666666666664
0 0.8486328125 0.7555338541666666 0.01171875 0.022786458333333332
0 0.902099609375 0.7483723958333333 0.01025390625 0.021484375
