0 0.864501953125 0.9192708333333333 0.04052734375 0.046875
0 0.4765625 0.669921875 0.02734375 0.033854166666666664
0 0.101806640625 0.7633463541666666 0.01318359375 0.026692708333333332
0 0.0283203125 0.79296875 0.01171875 0.026041666666666664
0 0.08056640625 0.7555338541666666 0.0146484375 0.027994791666666664
0 0.0615234375 0.755859375 0.0126953125 0.028645833333333332
0 0.0439453125 0.7509765625 0.0126953125 0.026692708333333332
0 0.0263671875 0.7477213541666666 0.0126953125 0.025390625
0 0.00927734375 0.7434895833333333 0.01171875 0.026041666666666664
0 0.047607421875 0.21223958333333331 0.01513671875 0.024739583333333332
0 0.029296875 0.20768229166666666 0.013671875 0.020833333333333332
0 0.011962890625 0.2080078125 0.01416015625 0.024088541666666664
