0 0.901611328125 0.7490234375 0.01025390625 0.021484375
0 0.8486328125 0.755859375 0.0107421875 0.022135416666666664
0 0.640625 0.6832682291666666 0.015625 0.026692708333333332
0 0.025390625 0.7337239583333333 0.0380859375 0.04036458333333333
0 0.013916015625 0.6158854166666666 0.02783203125 0.041666666666666664
0 0.032470703125 0.09765625 0.03857421875 0.041666666666666664
0 0.06396484375 0.14908854166666666 0.037109375 0.041666666666666664
0 0.081298828125 0.09407552083333333 0.03564453125 0.041015625
0 0.128173828125 0.123046875 0.03466796875 0.04036458333333333
0 0.168212890625 0.10904947916666666 0.03369140625 0.03841145833333333
0 0.2119140625 0.12467447916666666 0.0302734375 0.03841145833333333
0 0.251708984375 0.14908854166666666 0.02880859375 0.037760416666666664
0 0.223876953125 0.38053385416666663 0.02880859375 0.039713541666666664
0 0.283935546875 0.8610026041666666 0.02783203125 0.035807291666666664
0 0.24365234375 0.8623046875 0.0302734375 0.035807291666666664
0 0.202880859375 0.876953125 0.03271484375 0.03645833333333333
0 0.160400390625 0.8850911458333333 0.03271484375 0.03841145833333333
0 0.11474609375 0.8932291666666666 0.03515625 0.0390625
0 0.1103515625 0.9638671875 0.03515625 0.039713541666666664
0 0.06689453125 0.9016927083333333 0.037109375 0.04036458333333333
0 0.018310546875 0.9111328125 0.03662109375 0.04231770833333333
