0 0.01806640625 0.9111328125 0.0361328125 0.041015625
0 0.067626953125 0.9020182291666666 0.03662109375 0.039713541666666664
0 0.114990234375 0.8935546875 0.03369140625 0.03841145833333333
0 0.159912109375 0.8850911458333333 0.03173828125 0.037109375
0 0.203125 0.8772786458333333 0.0322265625 0.035807291666666664
0 0.243408203125 0.8629557291666666 0.02880859375 0.035807291666666664
0 0.284423828125 0.8600260416666666 0.02685546875 0.033854166666666664
0 0.11083984375 0.9638671875 0.0341796875 0.03841145833333333
0 0.025146484375 0.7333984375 0.03857421875 0.039713541666666664
0 0.013671875 0.615234375 0.02734375 0.04036458333333333
0 0.03271484375 0.09700520833333333 0.0380859375 0.04036458333333333
0 0.063720703125 0.14778645833333331 0.03759765625 0.04036458333333333
0 0.081298828125 0.09244791666666666 0.03564453125 0.041666666666666664
0 0.1279296875 0.1220703125 0.0341796875 0.041015625
0 0.16845703125 0.10807291666666666 0.033203125 0.04036458333333333
0 0.211669921875 0.1240234375 0.03173828125 0.03841145833333333
0 0.251708984375 0.14778645833333331 0.02978515625 0.03515625
0 0.36328125 0.4026692708333333 0.0244140625 0.033203125
0 0.585205078125 0.7018229166666666 0.01806640625 0.02734375
0 0.8486328125 0.755859375 0.0107421875 0.022135416666666664
0 0.90185546875 0.7486979166666666 0.0107421875 0.022135416666666664
