0 0.033203125 0.09895833333333333 0.0390625 0.04427083333333333
0 0.081787109375 0.09505208333333333 0.03466796875 0.04296875
0 0.064453125 0.1494140625 0.037109375 0.043619791666666664
0 0.1279296875 0.12272135416666666 0.0341796875 0.039713541666666664
0 0.16748046875 0.10807291666666666 0.0322265625 0.0390625
0 0.211669921875 0.12369791666666666 0.02978515625 0.037760416666666664
0 0.25146484375 0.14811197916666666 0.0283203125 0.037109375
0 0.013671875 0.6158854166666666 0.02734375 0.04036458333333333
0 0.025634765625 0.7333984375 0.03759765625 0.041015625
0 0.017822265625 0.9114583333333333 0.03564453125 0.041666666666666664
0 0.06689453125 0.9020182291666666 0.0361328125 0.039713541666666664
0 0.115478515625 0.8929036458333333 0.03369140625 0.039713541666666664
0 0.160400390625 0.884765625 0.03271484375 0.037760416666666664
0 0.203369140625 0.876953125 0.03076171875 0.03645833333333333
0 0.243408203125 0.8626302083333333 0.02783203125 0.03645833333333333
0 0.28466796875 0.8610026041666666 0.02734375 0.035807291666666664
0 0.111083984375 0.9638671875 0.03369140625 0.039713541666666664
0 0.848876953125 0.7555338541666666 0.01220703125 0.021484375
0 0.902099609375 0.7490234375 0.01123046875 0.021484375
0 0.528076171875 0.72265625 0.01904296875 0.02734375
0 0.48046875 0.42838541666666663 0.01953125 0.03125
