0 0.864990234375 0.9202473958333333 0.03857421875 0.048828125
0 0.4052734375 0.3876953125 0.0224609375 0.03450520833333333
0 0.10107421875 0.7633463541666666 0.0146484375 0.027994791666666664
0 0.170166015625 0.7119140625 0.01513671875 0.027994791666666664
0 0.02734375 0.7926432291666666 0.013671875 0.027994791666666664
0 0.07958984375 0.7542317708333333 0.013671875 0.027994791666666664
0 0.060791015625 0.755859375 0.01416015625 0.026041666666666664
0 0.04345703125 0.7516276041666666 0.0126953125 0.025390625
0 0.02587890625 0.7477213541666666 0.013671875 0.025390625
0 0.00927734375 0.7431640625 0.01171875 0.026692708333333332
0 0.048095703125 0.21126302083333331 0.01416015625 0.026692708333333332
0 0.028564453125 0.20768229166666666 0.01416015625 0.026041666666666664
0 0.010009765625 0.20930989583333331 0.01513671875 0.026692708333333332
