0 0.017822265625 0.9124348958333333 0.03564453125 0.041015625
0 0.066650390625 0.9016927083333333 0.03662109375 0.04036458333333333
0 0.11474609375 0.8932291666666666 0.0341796875 0.0390625
0 0.16015625 0.884765625 0.033203125 0.037760416666666664
0 0.202880859375 0.876953125 0.03173828125 0.037760416666666664
0 0.243408203125 0.86328125 0.02978515625 0.03645833333333333
0 0.283935546875 0.8610026041666666 0.02783203125 0.035807291666666664
0 0.11083984375 0.9635416666666666 0.0341796875 0.0390625
0 0.357666015625 0.7096354166666666 0.02197265625 0.03125
0 0.251220703125 0.14908854166666666 0.02783203125 0.03645833333333333
0 0.21142578125 0.125 0.029296875 0.037760416666666664
0 0.16845703125 0.10774739583333333 0.03125 0.039713541666666664
0 0.12744140625 0.123046875 0.03515625 0.04036458333333333
0 0.032958984375 0.09830729166666666 0.03759765625 0.041666666666666664
0 0.080810546875 0.09342447916666666 0.03466796875 0.041015625
0 0.022705078125 0.15494791666666666 0.03759765625 0.04296875
0 0.652587890625 0.5882161458333333 0.01416015625 0.026692708333333332
0 0.634521484375 0.5081380208333333 0.01611328125 0.027994791666666664
0 0.599365234375 0.48014322916666663 0.01708984375 0.027994791666666664
0 0.799072265625 0.767578125 0.01123046875 0.020833333333333332
0 0.8984375 0.6917317708333333 0.009765625 0.021484375
0 0.91650390625 0.7317708333333333 0.0087890625 0.020833333333333332
0 0.902099609375 0.4248046875 0.00927734375 0.021484375
