0 0.009033203125 0.7438151041666666 0.01513671875 0.021484375
0 0.025146484375 0.7467447916666666 0.01318359375 0.029947916666666664
0 0.04248046875 0.7526041666666666 0.0146484375 0.024739583333333332
0 0.06103515625 0.7555338541666666 0.0166015625 0.029296875
0 0.078857421875 0.759765625 0.01611328125 0.024739583333333332
0 0.100830078125 0.7633463541666666 0.01513671875 0.025390625
0 0.028076171875 0.7936197916666666 0.01513671875 0.024739583333333332
0 0.865234375 0.9205729166666666 0.037109375 0.04427083333333333
0 0.011962890625 0.20930989583333331 0.01318359375 0.025390625
0 0.029296875 0.20963541666666666 0.0146484375 0.024739583333333332
0 0.049072265625 0.21158854166666666 0.01416015625 0.0234375
