0 0.864990234375 0.9195963541666666 0.03759765625 0.04622395833333333
0 0.10107421875 0.7639973958333333 0.013671875 0.026692708333333332
0 0.0810546875 0.7594401041666666 0.0126953125 0.027994791666666664
0 0.06201171875 0.7561848958333333 0.0126953125 0.025390625
0 0.043701171875 0.7516276041666666 0.01220703125 0.025390625
0 0.02587890625 0.7470703125 0.0126953125 0.025390625
0 0.028076171875 0.7926432291666666 0.01220703125 0.024088541666666664
0 0.009521484375 0.7438151041666666 0.01123046875 0.025390625
0 0.044921875 0.6897786458333333 0.01171875 0.025390625
0 0.046875 0.2119140625 0.013671875 0.027994791666666664
0 0.0283203125 0.20703125 0.0146484375 0.026041666666666664
0 0.009765625 0.20865885416666666 0.0126953125 0.026692708333333332
