0 0.064208984375 0.1484375 0.03662109375 0.04036458333333333
0 0.033203125 0.09830729166666666 0.0380859375 0.041666666666666664
0 0.081298828125 0.09407552083333333 0.03466796875 0.041015625
0 0.128173828125 0.12337239583333333 0.03466796875 0.04231770833333333
0 0.16845703125 0.10807291666666666 0.03125 0.037760416666666664
0 0.21240234375 0.125 0.0302734375 0.03645833333333333
0 0.25146484375 0.15006510416666666 0.0302734375 0.037109375
0 0.013671875 0.6158854166666666 0.02734375 0.041666666666666664
0 0.025634765625 0.7333984375 0.03662109375 0.041015625
0 0.017578125 0.9114583333333333 0.03515625 0.041666666666666664
0 0.067138671875 0.90234375 0.03662109375 0.04036458333333333
0 0.115234375 0.8942057291666666 0.033203125 0.03841145833333333
0 0.110595703125 0.9635416666666666 0.03369140625 0.0390625
0 0.160400390625 0.8850911458333333 0.03173828125 0.03841145833333333
0 0.202880859375 0.8779296875 0.03076171875 0.035807291666666664
0 0.243896484375 0.8697916666666666 0.02880859375 0.03645833333333333
0 0.28466796875 0.8610026041666666 0.0283203125 0.035807291666666664
0 0.848876953125 0.7555338541666666 0.01123046875 0.021484375
0 0.90234375 0.7483723958333333 0.009765625 0.020182291666666664
0 0.173583984375 0.7939453125 0.02978515625 0.03450520833333333
