0 0.293701171875 0.22591145833333331 0.02685546875 0.033854166666666664
0 0.29150390625 0.17610677083333331 0.02734375 0.033203125
0 0.01513671875 0.6526692708333333 0.0302734375 0.041015625
0 0.058349609375 0.6695963541666666 0.03662109375 0.041015625
0 0.076416015625 0.7174479166666666 0.03759765625 0.04036458333333333
0 0.0107421875 0.7783203125 0.021484375 0.04231770833333333
0 0.2177734375 0.3470052083333333 0.03125 0.03515625
0 0.3486328125 0.548828125 0.0263671875 0.033854166666666664
0 0.419189453125 0.5472005208333333 0.02294921875 0.029296875
0 0.9619140625 0.5201822916666666 0.0087890625 0.01953125
0 0.935791015625 0.9287109375 0.00927734375 0.021484375
0 0.61865234375 0.5589192708333333 0.0166015625 0.026692708333333332
0 0.019775390625 0.29557291666666663 0.03857421875 0.04036458333333333
