0 0.24072265625 0.7314453125 0.0302734375 0.03450520833333333
0 0.017333984375 0.9130859375 0.03076171875 0.03450520833333333
0 0.066650390625 0.9013671875 0.03662109375 0.039713541666666664
0 0.114501953125 0.8922526041666666 0.03369140625 0.03841145833333333
0 0.15966796875 0.8841145833333333 0.0322265625 0.037760416666666664
0 0.20263671875 0.8759765625 0.03125 0.039713541666666664
0 0.24365234375 0.8626302083333333 0.0302734375 0.03515625
0 0.2841796875 0.8603515625 0.02734375 0.03450520833333333
0 0.1103515625 0.962890625 0.03515625 0.0390625
0 0.599365234375 0.48046875 0.01611328125 0.02734375
0 0.63525390625 0.5074869791666666 0.0166015625 0.026692708333333332
0 0.653076171875 0.587890625 0.01513671875 0.02734375
0 0.90234375 0.42545572916666663 0.0107421875 0.024088541666666664
0 0.799072265625 0.767578125 0.01123046875 0.022135416666666664
0 0.897705078125 0.69140625 0.01025390625 0.01953125
0 0.91650390625 0.7320963541666666 0.009765625 0.021484375
0 0.996337890625 0.5169270833333333 0.00634765625 0.020833333333333332
0 0.251220703125 0.14811197916666666 0.02880859375 0.035807291666666664
0 0.212158203125 0.12467447916666666 0.02978515625 0.035807291666666664
0 0.16796875 0.10774739583333333 0.0322265625 0.039713541666666664
0 0.12744140625 0.12337239583333333 0.0341796875 0.039713541666666664
0 0.081787109375 0.09375 0.03662109375 0.04036458333333333
0 0.03271484375 0.09830729166666666 0.0380859375 0.04296875
0 0.0224609375 0.154296875 0.0380859375 0.041666666666666664
