0 0.072265625 0.6555989583333333 0.0146484375 0.026041666666666664
0 0.009765625 0.7431640625 0.01171875 0.025390625
0 0.02587890625 0.7477213541666666 0.0126953125 0.024088541666666664
0 0.04345703125 0.7516276041666666 0.0126953125 0.025390625
0 0.061767578125 0.7548828125 0.01318359375 0.026692708333333332
0 0.080078125 0.7545572916666666 0.013671875 0.026041666666666664
0 0.100830078125 0.7626953125 0.01513671875 0.026692708333333332
0 0.027587890625 0.7923177083333333 0.01220703125 0.024739583333333332
0 0.326416015625 0.42740885416666663 0.02099609375 0.033203125
0 0.37353515625 0.45572916666666663 0.0244140625 0.033854166666666664
0 0.405029296875 0.5592447916666666 0.02294921875 0.033854166666666664
0 0.713134765625 0.8919270833333333 0.03271484375 0.04036458333333333
0 0.046630859375 0.21126302083333331 0.01416015625 0.026692708333333332
0 0.02783203125 0.20638020833333331 0.0146484375 0.026041666666666664
0 0.010009765625 0.208984375 0.01416015625 0.028645833333333332
