0 0.864990234375 0.9189453125 0.03955078125 0.043619791666666664
0 0.028076171875 0.7919921875 0.01318359375 0.025390625
0 0.009033203125 0.7434895833333333 0.01318359375 0.024739583333333332
0 0.02587890625 0.7473958333333333 0.013671875 0.0234375
0 0.043212890625 0.7506510416666666 0.01318359375 0.026041666666666664
0 0.06103515625 0.755859375 0.0146484375 0.024739583333333332
0 0.080078125 0.759765625 0.013671875 0.02734375
0 0.1005859375 0.7626953125 0.015625 0.027994791666666664
0 0.009765625 0.20930989583333331 0.0126953125 0.025390625
0 0.02783203125 0.20572916666666666 0.0146484375 0.0234375
0 0.046630859375 0.2119140625 0.01416015625 0.025390625
