0 0.86474609375 0.9192708333333333 0.0390625 0.04296875
0 0.0283203125 0.79296875 0.0126953125 0.024739583333333332
0 0.0087890625 0.7438151041666666 0.0126953125 0.025390625
0 0.025390625 0.748046875 0.0126953125 0.024739583333333332
0 0.043212890625 0.7513020833333333 0.01318359375 0.026041666666666664
0 0.060791015625 0.7555338541666666 0.01318359375 0.025390625
0 0.080078125 0.7594401041666666 0.013671875 0.025390625
0 0.100341796875 0.7630208333333333 0.01416015625 0.026041666666666664
0 0.039306640625 0.6861979166666666 0.01416015625 0.024739583333333332
0 0.010009765625 0.20833333333333331 0.01220703125 0.024739583333333332
0 0.027587890625 0.20572916666666666 0.01416015625 0.02734375
0 0.046630859375 0.21028645833333331 0.01416015625 0.02734375
