0 0.005126953125 0.12955729166666666 0.01025390625 0.037760416666666664
0 0.033447265625 0.09765625 0.03759765625 0.04427083333333333
0 0.063720703125 0.14908854166666666 0.03857421875 0.04427083333333333
0 0.081298828125 0.09309895833333333 0.03564453125 0.04036458333333333
0 0.128662109375 0.12337239583333333 0.03564453125 0.04231770833333333
0 0.1689453125 0.10774739583333333 0.033203125 0.041015625
0 0.2119140625 0.12467447916666666 0.03125 0.039713541666666664
0 0.251708984375 0.14876302083333331 0.02978515625 0.039713541666666664
0 0.013427734375 0.6155598958333333 0.02685546875 0.041015625
0 0.025634765625 0.7327473958333333 0.03857421875 0.041015625
0 0.018310546875 0.9104817708333333 0.03564453125 0.04231770833333333
0 0.0673828125 0.9016927083333333 0.0380859375 0.04036458333333333
0 0.115234375 0.8919270833333333 0.0341796875 0.0390625
0 0.11083984375 0.9635416666666666 0.03515625 0.04036458333333333
0 0.159912109375 0.8850911458333333 0.03369140625 0.03841145833333333
0 0.20263671875 0.876953125 0.0302734375 0.037760416666666664
0 0.243408203125 0.8694661458333333 0.02978515625 0.037109375
0 0.28466796875 0.861328125 0.0283203125 0.03645833333333333
0 0.787109375 0.646484375 0.01171875 0.0234375
0 0.84912109375 0.755859375 0.0107421875 0.022135416666666664
0 0.902099609375 0.7490234375 0.01123046875 0.022786458333333332
0 0.997314453125 0.8922526041666666 0.00439453125 0.022786458333333332
