0 0.01123046875 0.7796223958333333 0.0224609375 0.04231770833333333
0 0.015380859375 0.6526692708333333 0.03076171875 0.041015625
0 0.058349609375 0.6692708333333333 0.03759765625 0.04036458333333333
0 0.076904296875 0.7177734375 0.03662109375 0.039713541666666664
0 0.197265625 0.5550130208333333 0.03125 0.037109375
0 0.276611328125 0.4921875 0.02783203125 0.03645833333333333
0 0.020263671875 0.2972005208333333 0.03662109375 0.039713541666666664
0 0.29150390625 0.17643229166666666 0.0263671875 0.03255208333333333
0 0.294189453125 0.22623697916666666 0.02685546875 0.03450520833333333
0 0.2177734375 0.3466796875 0.0302734375 0.035807291666666664
0 0.4775390625 0.25390625 0.0205078125 0.029947916666666664
0 0.93505859375 0.9287109375 0.009765625 0.021484375
