0 0.017333984375 0.6588541666666666 0.01416015625 0.0234375
0 0.0087890625 0.7434895833333333 0.0126953125 0.024739583333333332
0 0.026123046875 0.7477213541666666 0.01220703125 0.025390625
0 0.04345703125 0.7509765625 0.0126953125 0.025390625
0 0.0615234375 0.755859375 0.0126953125 0.026041666666666664
0 0.079345703125 0.7545572916666666 0.01416015625 0.02734375
0 0.100830078125 0.7633463541666666 0.01416015625 0.027994791666666664
0 0.02783203125 0.7932942708333333 0.013671875 0.025390625
0 0.40625 0.5598958333333333 0.0224609375 0.03515625
0 0.3271484375 0.427734375 0.021484375 0.03255208333333333
0 0.37451171875 0.45703125 0.0224609375 0.03515625
0 0.71240234375 0.8909505208333333 0.0341796875 0.041015625
0 0.047119140625 0.2099609375 0.01513671875 0.026692708333333332
0 0.028076171875 0.205078125 0.01513671875 0.02734375
0 0.010498046875 0.20865885416666666 0.01318359375 0.026692708333333332
