0 0.004638671875 0.1318359375 0.00927734375 0.03450520833333333
0 0.032958984375 0.09830729166666666 0.03759765625 0.041666666666666664
0 0.064453125 0.1484375 0.0361328125 0.04036458333333333
0 0.0810546875 0.09375 0.0341796875 0.041666666666666664
0 0.128173828125 0.12337239583333333 0.03369140625 0.039713541666666664
0 0.16748046875 0.10807291666666666 0.0302734375 0.037760416666666664
0 0.21142578125 0.12337239583333333 0.0302734375 0.037109375
0 0.250732421875 0.14908854166666666 0.02783203125 0.03515625
0 0.013671875 0.615234375 0.02734375 0.041666666666666664
0 0.02734375 0.7298177083333333 0.0380859375 0.041666666666666664
0 0.017822265625 0.9108072916666666 0.03564453125 0.04036458333333333
0 0.067138671875 0.90234375 0.03662109375 0.04036458333333333
0 0.115234375 0.8935546875 0.0341796875 0.03841145833333333
0 0.111083984375 0.9638671875 0.03466796875 0.03841145833333333
0 0.159912109375 0.8850911458333333 0.03173828125 0.03841145833333333
0 0.203125 0.8782552083333333 0.03125 0.037760416666666664
0 0.244140625 0.8697916666666666 0.0283203125 0.03515625
0 0.284912109375 0.861328125 0.02685546875 0.03515625
0 0.833251953125 0.9514973958333333 0.01220703125 0.021484375
0 0.8486328125 0.7555338541666666 0.0107421875 0.022786458333333332
0 0.901611328125 0.7483723958333333 0.01025390625 0.021484375
