0 0.017822265625 0.912109375 0.03466796875 0.04036458333333333
0 0.06689453125 0.9020182291666666 0.037109375 0.039713541666666664
0 0.11474609375 0.8932291666666666 0.0341796875 0.0390625
0 0.16015625 0.8857421875 0.0322265625 0.03841145833333333
0 0.203125 0.876953125 0.0302734375 0.03645833333333333
0 0.24365234375 0.8636067708333333 0.029296875 0.037109375
0 0.284912109375 0.8610026041666666 0.02783203125 0.03450520833333333
0 0.111328125 0.9641927083333333 0.0341796875 0.0390625
0 0.251220703125 0.14973958333333331 0.02880859375 0.037760416666666664
0 0.212646484375 0.12434895833333333 0.02978515625 0.03645833333333333
0 0.16796875 0.10904947916666666 0.0322265625 0.039713541666666664
0 0.12841796875 0.12272135416666666 0.0341796875 0.041015625
0 0.0810546875 0.09375 0.0361328125 0.04296875
0 0.033203125 0.09798177083333333 0.0380859375 0.04231770833333333
0 0.022705078125 0.154296875 0.03857421875 0.04296875
0 0.59912109375 0.4807942708333333 0.017578125 0.027994791666666664
0 0.635498046875 0.5078125 0.01611328125 0.02734375
0 0.652587890625 0.5885416666666666 0.01513671875 0.024739583333333332
0 0.798828125 0.767578125 0.0107421875 0.022135416666666664
0 0.916748046875 0.7327473958333333 0.00927734375 0.020182291666666664
0 0.898193359375 0.69140625 0.00927734375 0.020833333333333332
0 0.9638671875 0.5348307291666666 0.0087890625 0.020182291666666664
0 0.9013671875 0.423828125 0.009765625 0.01953125
