0 0.014892578125 0.6526692708333333 0.02978515625 0.041015625
0 0.058349609375 0.6695963541666666 0.03564453125 0.039713541666666664
0 0.076904296875 0.7174479166666666 0.03662109375 0.04036458333333333
0 0.010986328125 0.779296875 0.02197265625 0.041666666666666664
0 0.2177734375 0.3466796875 0.03125 0.037109375
0 0.019287109375 0.29557291666666663 0.03857421875 0.0390625
0 0.3486328125 0.5485026041666666 0.0263671875 0.033203125
0 0.29443359375 0.22591145833333331 0.02734375 0.03255208333333333
0 0.291015625 0.17578125 0.0263671875 0.03515625
0 0.419189453125 0.5462239583333333 0.02294921875 0.03125
0 0.61181640625 0.5582682291666666 0.0166015625 0.027994791666666664
0 0.958740234375 0.5179036458333333 0.01025390625 0.018880208333333332
0 0.935302734375 0.9290364583333333 0.01025390625 0.020833333333333332
