0 0.712158203125 0.8919270833333333 0.03271484375 0.0390625
0 0.405517578125 0.5602213541666666 0.02392578125 0.03450520833333333
0 0.374267578125 0.4560546875 0.02197265625 0.031901041666666664
0 0.3271484375 0.4280598958333333 0.021484375 0.031901041666666664
0 0.100830078125 0.7630208333333333 0.01416015625 0.026041666666666664
0 0.080078125 0.7542317708333333 0.013671875 0.025390625
0 0.0615234375 0.7552083333333333 0.013671875 0.026041666666666664
0 0.0439453125 0.7513020833333333 0.0126953125 0.024739583333333332
0 0.028076171875 0.7926432291666666 0.01220703125 0.024088541666666664
0 0.02587890625 0.7473958333333333 0.0126953125 0.024739583333333332
0 0.0087890625 0.7434895833333333 0.01171875 0.0234375
0 0.046630859375 0.21126302083333331 0.01513671875 0.026692708333333332
0 0.02783203125 0.20638020833333331 0.0146484375 0.026041666666666664
0 0.0107421875 0.20963541666666666 0.013671875 0.02734375
