0 0.004638671875 0.13151041666666666 0.00927734375 0.03255208333333333
0 0.03271484375 0.09798177083333333 0.037109375 0.041015625
0 0.06396484375 0.14811197916666666 0.037109375 0.041015625
0 0.08154296875 0.09375 0.0341796875 0.04036458333333333
0 0.127685546875 0.12337239583333333 0.03466796875 0.03841145833333333
0 0.167724609375 0.1083984375 0.03173828125 0.03841145833333333
0 0.2119140625 0.125 0.029296875 0.03515625
0 0.2509765625 0.14908854166666666 0.029296875 0.03515625
0 0.013427734375 0.6155598958333333 0.02685546875 0.041015625
0 0.017822265625 0.9111328125 0.03564453125 0.041015625
0 0.0673828125 0.90234375 0.0361328125 0.04036458333333333
0 0.11083984375 0.9638671875 0.03515625 0.039713541666666664
0 0.115234375 0.8938802083333333 0.03515625 0.04036458333333333
0 0.16015625 0.8857421875 0.0322265625 0.03841145833333333
0 0.203125 0.876953125 0.0322265625 0.037760416666666664
0 0.243896484375 0.8697916666666666 0.02880859375 0.03645833333333333
0 0.28466796875 0.8606770833333333 0.02734375 0.03515625
0 0.29931640625 0.744140625 0.0283203125 0.03515625
0 0.849365234375 0.7555338541666666 0.01123046875 0.022786458333333332
0 0.90185546875 0.7483723958333333 0.009765625 0.020182291666666664
