0 0.28466796875 0.8600260416666666 0.02734375 0.033854166666666664
0 0.243896484375 0.8694661458333333 0.02880859375 0.037109375
0 0.202880859375 0.876953125 0.03271484375 0.03645833333333333
0 0.157958984375 0.8863932291666666 0.02783203125 0.037109375
0 0.115478515625 0.8932291666666666 0.03564453125 0.04036458333333333
0 0.067138671875 0.9029947916666666 0.03564453125 0.04296875
0 0.11083984375 0.9645182291666666 0.03515625 0.039713541666666664
0 0.01708984375 0.9114583333333333 0.0341796875 0.04036458333333333
0 0.013916015625 0.615234375 0.02783203125 0.0390625
0 0.251220703125 0.1474609375 0.03076171875 0.039713541666666664
0 0.211669921875 0.1220703125 0.02978515625 0.037109375
0 0.16845703125 0.1064453125 0.03125 0.039713541666666664
0 0.12841796875 0.1220703125 0.0341796875 0.039713541666666664
0 0.08251953125 0.09440104166666666 0.0361328125 0.04036458333333333
0 0.063720703125 0.1484375 0.03857421875 0.04036458333333333
0 0.03173828125 0.09733072916666666 0.0400390625 0.041015625
0 0.004638671875 0.12825520833333331 0.00927734375 0.03255208333333333
0 0.439697265625 0.7060546875 0.02294921875 0.029296875
0 0.90283203125 0.75 0.0087890625 0.022135416666666664
0 0.84912109375 0.7565104166666666 0.0107421875 0.0234375
