0 0.864990234375 0.9195963541666666 0.03955078125 0.044921875
0 0.028076171875 0.7926432291666666 0.01318359375 0.026692708333333332
0 0.009033203125 0.7434895833333333 0.01318359375 0.024739583333333332
0 0.025390625 0.7477213541666666 0.0126953125 0.025390625
0 0.04345703125 0.7513020833333333 0.0126953125 0.026041666666666664
0 0.061279296875 0.755859375 0.01416015625 0.024739583333333332
0 0.080322265625 0.7600911458333333 0.01416015625 0.026692708333333332
0 0.100830078125 0.7626953125 0.01416015625 0.025390625
0 0.19140625 0.6640625 0.0166015625 0.02734375
0 0.010498046875 0.20865885416666666 0.01318359375 0.026692708333333332
0 0.028564453125 0.20572916666666666 0.01416015625 0.026041666666666664
0 0.046630859375 0.2109375 0.01416015625 0.02734375
