0 0.86474609375 0.9192708333333333 0.0390625 0.04427083333333333
0 0.5380859375 0.6272786458333333 0.0302734375 0.037109375
0 0.027587890625 0.79296875 0.01318359375 0.024739583333333332
0 0.008544921875 0.7438151041666666 0.01318359375 0.024088541666666664
0 0.025634765625 0.748046875 0.01318359375 0.0234375
0 0.043212890625 0.7516276041666666 0.01318359375 0.025390625
0 0.0615234375 0.755859375 0.013671875 0.024739583333333332
0 0.080078125 0.7594401041666666 0.0146484375 0.025390625
0 0.1005859375 0.7626953125 0.0146484375 0.027994791666666664
0 0.010498046875 0.2080078125 0.01318359375 0.027994791666666664
0 0.028076171875 0.20540364583333331 0.01416015625 0.026692708333333332
0 0.046630859375 0.20963541666666666 0.01416015625 0.02734375
