0 0.90185546875 0.7493489583333333 0.0107421875 0.020833333333333332
0 0.848876953125 0.7561848958333333 0.01123046875 0.022786458333333332
0 0.91015625 0.5787760416666666 0.0107421875 0.020833333333333332
0 0.642578125 0.890625 0.013671875 0.026041666666666664
0 0.28466796875 0.8606770833333333 0.02734375 0.03515625
0 0.24365234375 0.8694661458333333 0.029296875 0.035807291666666664
0 0.203125 0.8779296875 0.03125 0.037109375
0 0.160400390625 0.8854166666666666 0.03271484375 0.037760416666666664
0 0.115234375 0.8932291666666666 0.0341796875 0.037760416666666664
0 0.067138671875 0.9016927083333333 0.03662109375 0.04036458333333333
0 0.11083984375 0.9635416666666666 0.0341796875 0.0390625
0 0.0439453125 0.6376953125 0.0390625 0.039713541666666664
0 0.00537109375 0.12923177083333331 0.0107421875 0.03450520833333333
0 0.032470703125 0.09700520833333333 0.03759765625 0.041666666666666664
0 0.0634765625 0.14811197916666666 0.037109375 0.041015625
0 0.0810546875 0.09375 0.0361328125 0.041666666666666664
0 0.127685546875 0.12337239583333333 0.03466796875 0.041015625
0 0.16796875 0.10872395833333333 0.0322265625 0.0390625
0 0.2109375 0.12434895833333333 0.0302734375 0.03645833333333333
0 0.251220703125 0.1494140625 0.02880859375 0.035807291666666664
0 0.01806640625 0.9111328125 0.0361328125 0.041015625
