0 0.009033203125 0.7431640625 0.01416015625 0.025390625
0 0.025634765625 0.7477213541666666 0.01318359375 0.025390625
0 0.043212890625 0.7513020833333333 0.01416015625 0.026041666666666664
0 0.061767578125 0.755859375 0.01513671875 0.026041666666666664
0 0.079833984375 0.7545572916666666 0.01416015625 0.02734375
0 0.100341796875 0.763671875 0.01611328125 0.02734375
0 0.028076171875 0.7932942708333333 0.01416015625 0.026692708333333332
0 0.0107421875 0.208984375 0.015625 0.026041666666666664
0 0.02880859375 0.20833333333333331 0.0126953125 0.024739583333333332
0 0.04638671875 0.2109375 0.015625 0.026041666666666664
0 0.3271484375 0.4280598958333333 0.021484375 0.033203125
0 0.374267578125 0.45572916666666663 0.02197265625 0.033854166666666664
0 0.4052734375 0.5602213541666666 0.0234375 0.03450520833333333
0 0.712890625 0.8916015625 0.033203125 0.041015625
