0 0.01806640625 0.9127604166666666 0.0361328125 0.041666666666666664
0 0.022705078125 0.15462239583333331 0.03857421875 0.043619791666666664
0 0.0341796875 0.09895833333333333 0.0380859375 0.04296875
0 0.08251953125 0.09342447916666666 0.03515625 0.043619791666666664
0 0.12890625 0.123046875 0.03515625 0.0390625
0 0.16943359375 0.10904947916666666 0.0322265625 0.039713541666666664
0 0.212158203125 0.1259765625 0.02978515625 0.035807291666666664
0 0.250732421875 0.14908854166666666 0.02880859375 0.03645833333333333
0 0.067626953125 0.9016927083333333 0.03564453125 0.04036458333333333
0 0.115478515625 0.8935546875 0.03466796875 0.039713541666666664
0 0.15966796875 0.8850911458333333 0.033203125 0.03841145833333333
0 0.20263671875 0.8766276041666666 0.03125 0.037109375
0 0.243408203125 0.86328125 0.02978515625 0.03645833333333333
0 0.111328125 0.9635416666666666 0.03515625 0.04036458333333333
0 0.28466796875 0.8606770833333333 0.0283203125 0.03515625
0 0.599609375 0.48111979166666663 0.0185546875 0.029947916666666664
0 0.634765625 0.5081380208333333 0.0166015625 0.027994791666666664
0 0.6533203125 0.5885416666666666 0.017578125 0.029947916666666664
0 0.901611328125 0.4241536458333333 0.01123046875 0.024088541666666664
0 0.94873046875 0.5452473958333333 0.009765625 0.021484375
0 0.898681640625 0.69140625 0.01123046875 0.022135416666666664
0 0.79931640625 0.7672526041666666 0.01171875 0.024088541666666664
0 0.91650390625 0.7320963541666666 0.0107421875 0.021484375
