0 0.046630859375 0.21126302083333331 0.01513671875 0.027994791666666664
0 0.02783203125 0.20670572916666666 0.0146484375 0.027994791666666664
0 0.0107421875 0.20833333333333331 0.015625 0.02734375
0 0.037353515625 0.6774088541666666 0.01416015625 0.025390625
0 0.009521484375 0.744140625 0.01318359375 0.026041666666666664
0 0.025634765625 0.7477213541666666 0.01416015625 0.025390625
0 0.04296875 0.751953125 0.0146484375 0.026041666666666664
0 0.061279296875 0.755859375 0.01416015625 0.026041666666666664
0 0.080322265625 0.7600911458333333 0.01416015625 0.026692708333333332
0 0.10107421875 0.7623697916666666 0.0146484375 0.02734375
0 0.02783203125 0.7926432291666666 0.0126953125 0.025390625
0 0.1416015625 0.8473307291666666 0.0146484375 0.026692708333333332
0 0.86474609375 0.9192708333333333 0.0390625 0.04427083333333333
