0 0.033203125 0.09798177083333333 0.0390625 0.041015625
0 0.064697265625 0.1494140625 0.03759765625 0.041015625
0 0.08154296875 0.09342447916666666 0.03515625 0.039713541666666664
0 0.12841796875 0.12239583333333333 0.0341796875 0.0390625
0 0.168701171875 0.10872395833333333 0.03173828125 0.037760416666666664
0 0.21240234375 0.12337239583333333 0.0302734375 0.037109375
0 0.25146484375 0.1494140625 0.0283203125 0.035807291666666664
0 0.01806640625 0.9108072916666666 0.03515625 0.04036458333333333
0 0.067138671875 0.9013671875 0.03662109375 0.03841145833333333
0 0.115234375 0.8929036458333333 0.0341796875 0.037109375
0 0.160400390625 0.884765625 0.03271484375 0.03645833333333333
0 0.203125 0.8776041666666666 0.0302734375 0.03645833333333333
0 0.243896484375 0.8694661458333333 0.02880859375 0.03450520833333333
0 0.284423828125 0.8606770833333333 0.02783203125 0.033854166666666664
0 0.111083984375 0.962890625 0.03466796875 0.037760416666666664
0 0.34716796875 0.9404296875 0.025390625 0.033203125
0 0.848388671875 0.7555338541666666 0.01025390625 0.021484375
0 0.901611328125 0.7486979166666666 0.01025390625 0.020833333333333332
