0 0.864990234375 0.9192708333333333 0.03857421875 0.04427083333333333
0 0.347900390625 0.6103515625 0.02392578125 0.033203125
0 0.01123046875 0.8522135416666666 0.0126953125 0.026041666666666664
0 0.100341796875 0.7626953125 0.01513671875 0.026692708333333332
0 0.079833984375 0.759765625 0.01416015625 0.02734375
0 0.061767578125 0.7552083333333333 0.01513671875 0.026041666666666664
0 0.04296875 0.7513020833333333 0.013671875 0.026041666666666664
0 0.025390625 0.7477213541666666 0.013671875 0.025390625
0 0.009521484375 0.7434895833333333 0.01318359375 0.02734375
0 0.04736328125 0.2119140625 0.0146484375 0.025390625
0 0.02783203125 0.20703125 0.0146484375 0.02734375
0 0.01025390625 0.20833333333333331 0.0166015625 0.028645833333333332
