0 0.599609375 0.4807942708333333 0.0166015625 0.025390625
0 0.63525390625 0.5071614583333333 0.015625 0.02734375
0 0.653076171875 0.587890625 0.01513671875 0.026041666666666664
0 0.79833984375 0.7672526041666666 0.0126953125 0.024088541666666664
0 0.898193359375 0.6923828125 0.01025390625 0.020182291666666664
0 0.91650390625 0.732421875 0.009765625 0.01953125
0 0.902587890625 0.4241536458333333 0.01025390625 0.021484375
0 0.93408203125 0.5537109375 0.0087890625 0.020182291666666664
0 0.01953125 0.9117838541666666 0.0302734375 0.041015625
0 0.068603515625 0.9026692708333333 0.03369140625 0.039713541666666664
0 0.115234375 0.8935546875 0.0361328125 0.03450520833333333
0 0.112548828125 0.9632161458333333 0.03369140625 0.03841145833333333
0 0.15966796875 0.8844401041666666 0.03515625 0.037109375
0 0.203369140625 0.8782552083333333 0.02978515625 0.037760416666666664
0 0.24365234375 0.86328125 0.0302734375 0.037760416666666664
0 0.284912109375 0.8606770833333333 0.02783203125 0.03645833333333333
0 0.251220703125 0.1494140625 0.02880859375 0.035807291666666664
0 0.212158203125 0.12565104166666666 0.03076171875 0.03515625
0 0.16845703125 0.1083984375 0.0322265625 0.041015625
0 0.127685546875 0.12239583333333333 0.03564453125 0.04296875
0 0.08154296875 0.09309895833333333 0.0361328125 0.045572916666666664
0 0.022216796875 0.1533203125 0.03759765625 0.04231770833333333
0 0.032958984375 0.09765625 0.03955078125 0.04296875
0 0.009765625 0.7786458333333333 0.01953125 0.041666666666666664
