0 0.009521484375 0.20735677083333331 0.01416015625 0.025390625
0 0.027587890625 0.20572916666666666 0.01416015625 0.02734375
0 0.047607421875 0.21158854166666666 0.01416015625 0.026041666666666664
0 0.009521484375 0.7431640625 0.01123046875 0.024088541666666664
0 0.026123046875 0.7477213541666666 0.01318359375 0.025390625
0 0.043701171875 0.7516276041666666 0.01318359375 0.026692708333333332
0 0.061279296875 0.7552083333333333 0.01318359375 0.026041666666666664
0 0.080078125 0.7545572916666666 0.013671875 0.02734375
0 0.101318359375 0.7630208333333333 0.01416015625 0.028645833333333332
0 0.02783203125 0.7926432291666666 0.0126953125 0.025390625
0 0.71240234375 0.8916015625 0.033203125 0.039713541666666664
0 0.3271484375 0.4280598958333333 0.0205078125 0.033203125
0 0.373779296875 0.455078125 0.02197265625 0.033854166666666664
0 0.405517578125 0.560546875 0.02392578125 0.033854166666666664
