0 0.8642578125 0.9195963541666666 0.0390625 0.044921875
0 0.64990234375 0.953125 0.02734375 0.03645833333333333
0 0.100830078125 0.7623697916666666 0.01416015625 0.02734375
0 0.08056640625 0.7594401041666666 0.013671875 0.026692708333333332
0 0.0615234375 0.755859375 0.013671875 0.026041666666666664
0 0.04345703125 0.7513020833333333 0.013671875 0.026041666666666664
0 0.025634765625 0.7477213541666666 0.01318359375 0.025390625
0 0.00341796875 0.8304036458333333 0.0068359375 0.017578125
0 0.00927734375 0.7428385416666666 0.0126953125 0.024739583333333332
0 0.046875 0.21158854166666666 0.0146484375 0.02734375
0 0.0283203125 0.20638020833333331 0.013671875 0.02734375
0 0.01025390625 0.208984375 0.013671875 0.02734375
