0 0.86474609375 0.9192708333333333 0.0400390625 0.045572916666666664
0 0.505859375 0.9134114583333333 0.02734375 0.03515625
0 0.0068359375 0.8649088541666666 0.0126953125 0.024088541666666664
0 0.003173828125 0.833984375 0.00634765625 0.013020833333333332
0 0.100830078125 0.7633463541666666 0.01513671875 0.026692708333333332
0 0.080078125 0.7594401041666666 0.0126953125 0.025390625
0 0.0615234375 0.7555338541666666 0.013671875 0.026692708333333332
0 0.043212890625 0.7513020833333333 0.01416015625 0.026041666666666664
0 0.025390625 0.7477213541666666 0.0146484375 0.024088541666666664
0 0.0087890625 0.7428385416666666 0.013671875 0.024739583333333332
0 0.046142578125 0.21158854166666666 0.01513671875 0.026041666666666664
0 0.027587890625 0.20638020833333331 0.01513671875 0.02734375
0 0.01025390625 0.208984375 0.0146484375 0.026041666666666664
