0 0.321533203125 0.4169921875 0.02001953125 0.033203125
0 0.374267578125 0.45572916666666663 0.02197265625 0.033854166666666664
0 0.405517578125 0.5598958333333333 0.02294921875 0.03645833333333333
0 0.00927734375 0.7431640625 0.0126953125 0.024088541666666664
0 0.026123046875 0.7470703125 0.01318359375 0.025390625
0 0.043701171875 0.7509765625 0.01318359375 0.026692708333333332
0 0.0615234375 0.7552083333333333 0.013671875 0.02734375
0 0.080078125 0.7548828125 0.013671875 0.026692708333333332
0 0.10107421875 0.7626953125 0.0146484375 0.026692708333333332
0 0.0283203125 0.7926432291666666 0.0126953125 0.025390625
0 0.71240234375 0.8912760416666666 0.0322265625 0.041666666666666664
0 0.04736328125 0.21061197916666666 0.0146484375 0.026692708333333332
0 0.0283203125 0.205078125 0.0146484375 0.028645833333333332
0 0.01025390625 0.2080078125 0.013671875 0.026692708333333332
