0 0.016845703125 0.775390625 0.03369140625 0.04036458333333333
0 0.017578125 0.9124348958333333 0.03515625 0.039713541666666664
0 0.06689453125 0.9020182291666666 0.0361328125 0.039713541666666664
0 0.11474609375 0.8929036458333333 0.033203125 0.037109375
0 0.159912109375 0.8850911458333333 0.03271484375 0.03841145833333333
0 0.203125 0.8763020833333333 0.0322265625 0.037760416666666664
0 0.243408203125 0.8626302083333333 0.02978515625 0.037760416666666664
0 0.284423828125 0.8606770833333333 0.02783203125 0.03515625
0 0.111083984375 0.9638671875 0.03466796875 0.03841145833333333
0 0.0234375 0.154296875 0.0390625 0.04036458333333333
0 0.033447265625 0.09635416666666666 0.03759765625 0.04036458333333333
0 0.081787109375 0.091796875 0.03759765625 0.04036458333333333
0 0.129150390625 0.12239583333333333 0.03466796875 0.0390625
0 0.168701171875 0.1083984375 0.03271484375 0.035807291666666664
0 0.2119140625 0.12337239583333333 0.0322265625 0.037109375
0 0.251220703125 0.146484375 0.03076171875 0.03645833333333333
0 0.594970703125 0.470703125 0.01806640625 0.02734375
0 0.635009765625 0.5078125 0.01708984375 0.026041666666666664
0 0.65283203125 0.5882161458333333 0.0166015625 0.026692708333333332
0 0.79931640625 0.767578125 0.0126953125 0.022135416666666664
0 0.89794921875 0.6920572916666666 0.01171875 0.01953125
0 0.91650390625 0.7320963541666666 0.009765625 0.021484375
0 0.90234375 0.42447916666666663 0.009765625 0.020833333333333332
0 0.9208984375 0.5631510416666666 0.0107421875 0.020833333333333332
