0 0.015380859375 0.6529947916666666 0.03076171875 0.041666666666666664
0 0.05859375 0.6682942708333333 0.037109375 0.03841145833333333
0 0.0771484375 0.7177734375 0.037109375 0.041015625
0 0.011474609375 0.779296875 0.02294921875 0.041666666666666664
0 0.217529296875 0.34635416666666663 0.03076171875 0.03515625
0 0.293701171875 0.22591145833333331 0.02783203125 0.033854166666666664
0 0.2919921875 0.17610677083333331 0.0263671875 0.03450520833333333
0 0.019775390625 0.29557291666666663 0.03955078125 0.04296875
0 0.3486328125 0.5478515625 0.0263671875 0.033203125
0 0.418701171875 0.546875 0.02392578125 0.03125
0 0.599365234375 0.5563151041666666 0.01708984375 0.030598958333333332
0 0.953125 0.5143229166666666 0.0087890625 0.015625
0 0.9365234375 0.9274088541666666 0.015625 0.021484375
