0 0.009033203125 0.7431640625 0.01318359375 0.025390625
0 0.025634765625 0.7473958333333333 0.01318359375 0.0234375
0 0.043701171875 0.7513020833333333 0.01416015625 0.026041666666666664
0 0.061279296875 0.7552083333333333 0.01416015625 0.026041666666666664
0 0.07958984375 0.7542317708333333 0.0146484375 0.026692708333333332
0 0.1005859375 0.7626953125 0.015625 0.026692708333333332
0 0.0283203125 0.7926432291666666 0.01171875 0.025390625
0 0.302001953125 0.3857421875 0.02099609375 0.031901041666666664
0 0.374267578125 0.45670572916666663 0.02294921875 0.035807291666666664
0 0.405029296875 0.5589192708333333 0.02294921875 0.033203125
0 0.712890625 0.8922526041666666 0.033203125 0.039713541666666664
0 0.04638671875 0.21061197916666666 0.0146484375 0.025390625
0 0.02734375 0.2041015625 0.015625 0.026692708333333332
0 0.010986328125 0.20865885416666666 0.01416015625 0.024088541666666664
