0 0.018310546875 0.7747395833333333 0.03662109375 0.041666666666666664
0 0.018310546875 0.9124348958333333 0.03564453125 0.041015625
0 0.06787109375 0.90234375 0.037109375 0.04036458333333333
0 0.11474609375 0.8935546875 0.0341796875 0.039713541666666664
0 0.111328125 0.9635416666666666 0.03515625 0.0390625
0 0.16015625 0.8850911458333333 0.0322265625 0.03841145833333333
0 0.202880859375 0.8776041666666666 0.03173828125 0.0390625
0 0.24365234375 0.86328125 0.029296875 0.03515625
0 0.28466796875 0.8610026041666666 0.0283203125 0.03450520833333333
0 0.022216796875 0.15494791666666666 0.03857421875 0.04296875
0 0.033447265625 0.09798177083333333 0.03857421875 0.041015625
0 0.081787109375 0.09375 0.03369140625 0.04036458333333333
0 0.1279296875 0.123046875 0.03515625 0.04036458333333333
0 0.16845703125 0.1083984375 0.0322265625 0.041015625
0 0.21142578125 0.12434895833333333 0.03125 0.0390625
0 0.2509765625 0.14973958333333331 0.03125 0.03645833333333333
0 0.580322265625 0.44205729166666663 0.01904296875 0.02734375
0 0.635498046875 0.5081380208333333 0.01708984375 0.029296875
0 0.653076171875 0.5888671875 0.01611328125 0.025390625
0 0.79931640625 0.7682291666666666 0.01171875 0.01953125
0 0.8984375 0.6917317708333333 0.01171875 0.020182291666666664
0 0.916748046875 0.7320963541666666 0.01025390625 0.020182291666666664
0 0.90966796875 0.5709635416666666 0.0107421875 0.020833333333333332
0 0.90185546875 0.42545572916666663 0.009765625 0.021484375
