0 0.0087890625 0.7434895833333333 0.013671875 0.026041666666666664
0 0.026123046875 0.7470703125 0.01318359375 0.024088541666666664
0 0.0439453125 0.7513020833333333 0.0126953125 0.026041666666666664
0 0.062255859375 0.7545572916666666 0.01416015625 0.026041666666666664
0 0.08056640625 0.7552083333333333 0.013671875 0.02734375
0 0.10107421875 0.7630208333333333 0.0146484375 0.024739583333333332
0 0.028076171875 0.7932942708333333 0.01416015625 0.025390625
0 0.0107421875 0.20865885416666666 0.013671875 0.027994791666666664
0 0.02783203125 0.20572916666666666 0.0146484375 0.02734375
0 0.046630859375 0.21223958333333331 0.01513671875 0.028645833333333332
0 0.287841796875 0.373046875 0.02197265625 0.029947916666666664
0 0.374755859375 0.4560546875 0.02197265625 0.033203125
0 0.405517578125 0.560546875 0.02294921875 0.03255208333333333
0 0.71240234375 0.8916015625 0.0341796875 0.041015625
