0 0.294189453125 0.22591145833333331 0.02685546875 0.03515625
0 0.2919921875 0.17578125 0.0244140625 0.03255208333333333
0 0.01904296875 0.29557291666666663 0.0380859375 0.04036458333333333
0 0.218017578125 0.3466796875 0.03076171875 0.037109375
0 0.015380859375 0.65234375 0.02880859375 0.04036458333333333
0 0.057373046875 0.6686197916666666 0.03662109375 0.04036458333333333
0 0.076416015625 0.7174479166666666 0.03759765625 0.04036458333333333
0 0.0107421875 0.779296875 0.021484375 0.04296875
0 0.349365234375 0.5485026041666666 0.02685546875 0.03450520833333333
0 0.418701171875 0.5481770833333333 0.02490234375 0.03125
0 0.59375 0.5563151041666666 0.0185546875 0.027994791666666664
0 0.94775390625 0.51171875 0.0087890625 0.01953125
0 0.936279296875 0.9283854166666666 0.00927734375 0.01953125
