0 0.712890625 0.8919270833333333 0.0322265625 0.04036458333333333
0 0.40478515625 0.5602213541666666 0.0224609375 0.03450520833333333
0 0.37451171875 0.4563802083333333 0.0224609375 0.033854166666666664
0 0.303466796875 0.3723958333333333 0.02001953125 0.03255208333333333
0 0.02734375 0.7926432291666666 0.013671875 0.025390625
0 0.100830078125 0.7620442708333333 0.01318359375 0.025390625
0 0.080078125 0.7548828125 0.0146484375 0.027994791666666664
0 0.06103515625 0.755859375 0.013671875 0.026041666666666664
0 0.04345703125 0.7516276041666666 0.013671875 0.026692708333333332
0 0.025634765625 0.748046875 0.01220703125 0.026041666666666664
0 0.009033203125 0.7434895833333333 0.01220703125 0.026041666666666664
0 0.010498046875 0.2099609375 0.01318359375 0.025390625
0 0.02783203125 0.2060546875 0.013671875 0.025390625
0 0.046875 0.21126302083333331 0.0146484375 0.026692708333333332
