0 0.0185546875 0.7750651041666666 0.0361328125 0.039713541666666664
0 0.017822265625 0.9117838541666666 0.03564453125 0.041015625
0 0.06787109375 0.9013671875 0.037109375 0.03841145833333333
0 0.110595703125 0.9641927083333333 0.03466796875 0.0390625
0 0.114990234375 0.8935546875 0.03466796875 0.03841145833333333
0 0.159912109375 0.884765625 0.03271484375 0.037760416666666664
0 0.203369140625 0.8766276041666666 0.03076171875 0.035807291666666664
0 0.243408203125 0.8626302083333333 0.02880859375 0.03645833333333333
0 0.2841796875 0.8606770833333333 0.0283203125 0.03515625
0 0.25146484375 0.14973958333333331 0.029296875 0.03515625
0 0.211669921875 0.12467447916666666 0.03076171875 0.037109375
0 0.16845703125 0.1083984375 0.033203125 0.03841145833333333
0 0.128173828125 0.12272135416666666 0.03369140625 0.039713541666666664
0 0.08203125 0.09375 0.0361328125 0.0390625
0 0.033447265625 0.09798177083333333 0.03857421875 0.041015625
0 0.02294921875 0.15462239583333331 0.0380859375 0.04231770833333333
0 0.635498046875 0.5087890625 0.01611328125 0.025390625
0 0.6533203125 0.5888671875 0.015625 0.025390625
0 0.798828125 0.7672526041666666 0.01171875 0.022786458333333332
0 0.916259765625 0.7320963541666666 0.00927734375 0.021484375
0 0.897705078125 0.6920572916666666 0.00927734375 0.020833333333333332
0 0.892333984375 0.5823567708333333 0.00927734375 0.021484375
0 0.902099609375 0.4241536458333333 0.00927734375 0.020182291666666664
0 0.5810546875 0.435546875 0.01953125 0.018229166666666664
