0 0.28466796875 0.8603515625 0.02734375 0.035807291666666664
0 0.24365234375 0.86328125 0.0302734375 0.03645833333333333
0 0.20263671875 0.8776041666666666 0.03125 0.037760416666666664
0 0.16015625 0.8854166666666666 0.0322265625 0.037760416666666664
0 0.114990234375 0.8935546875 0.03466796875 0.03841145833333333
0 0.110595703125 0.9635416666666666 0.03466796875 0.04036458333333333
0 0.067138671875 0.90234375 0.03662109375 0.0390625
0 0.017822265625 0.9130859375 0.03564453125 0.041015625
0 0.018310546875 0.7747395833333333 0.03662109375 0.04036458333333333
0 0.251220703125 0.14876302083333331 0.02783203125 0.035807291666666664
0 0.2119140625 0.12369791666666666 0.03125 0.0390625
0 0.16796875 0.10904947916666666 0.0322265625 0.039713541666666664
0 0.1279296875 0.123046875 0.03515625 0.04036458333333333
0 0.08154296875 0.09342447916666666 0.03515625 0.041015625
0 0.033203125 0.09798177083333333 0.0390625 0.043619791666666664
0 0.0234375 0.15397135416666666 0.0390625 0.04231770833333333
0 0.653076171875 0.5885416666666666 0.01513671875 0.026041666666666664
0 0.63525390625 0.5084635416666666 0.015625 0.02734375
0 0.6298828125 0.44108072916666663 0.0166015625 0.027994791666666664
0 0.798583984375 0.7672526041666666 0.01025390625 0.022786458333333332
0 0.91650390625 0.7327473958333333 0.0087890625 0.020182291666666664
0 0.8984375 0.69140625 0.0087890625 0.01953125
0 0.982177734375 0.6158854166666666 0.00634765625 0.018229166666666664
0 0.88671875 0.5869140625 0.0087890625 0.020182291666666664
0 0.901611328125 0.4241536458333333 0.00927734375 0.020182291666666664
