0 0.36376953125 0.37174479166666663 0.0244140625 0.033854166666666664
0 0.374267578125 0.45670572916666663 0.02197265625 0.035807291666666664
0 0.40478515625 0.5602213541666666 0.0234375 0.037109375
0 0.713134765625 0.8919270833333333 0.03271484375 0.04036458333333333
0 0.0107421875 0.20833333333333331 0.015625 0.02734375
0 0.028076171875 0.2060546875 0.01513671875 0.027994791666666664
0 0.046630859375 0.2109375 0.01513671875 0.026041666666666664
0 0.00927734375 0.7434895833333333 0.0126953125 0.024739583333333332
0 0.02587890625 0.7473958333333333 0.0126953125 0.024739583333333332
0 0.043701171875 0.7509765625 0.01318359375 0.025390625
0 0.0615234375 0.7555338541666666 0.013671875 0.025390625
0 0.079833984375 0.7555338541666666 0.01416015625 0.026692708333333332
0 0.100830078125 0.7626953125 0.01513671875 0.026692708333333332
0 0.027587890625 0.79296875 0.01318359375 0.026041666666666664
0 0.9873046875 0.5758463541666666 0.0244140625 0.047526041666666664
