0 0.45361328125 0.2932942708333333 0.025390625 0.037109375
0 0.874755859375 0.31608072916666663 0.04052734375 0.04622395833333333
0 0.3515625 0.6930338541666666 0.0205078125 0.031901041666666664
0 0.712158203125 0.8916015625 0.03271484375 0.039713541666666664
0 0.1005859375 0.7626953125 0.015625 0.026692708333333332
0 0.079833984375 0.7548828125 0.01416015625 0.026692708333333332
0 0.06103515625 0.7555338541666666 0.013671875 0.025390625
0 0.043701171875 0.7516276041666666 0.01318359375 0.025390625
0 0.02587890625 0.748046875 0.0126953125 0.024739583333333332
0 0.009033203125 0.7434895833333333 0.01220703125 0.024739583333333332
0 0.02783203125 0.7926432291666666 0.0126953125 0.025390625
0 0.04638671875 0.21158854166666666 0.013671875 0.026041666666666664
0 0.0283203125 0.20638020833333331 0.0146484375 0.024739583333333332
0 0.0107421875 0.20930989583333331 0.013671875 0.026692708333333332
