0 0.67919921875 0.45182291666666663 0.015625 0.026041666666666664
0 0.634765625 0.5074869791666666 0.017578125 0.027994791666666664
0 0.653076171875 0.587890625 0.01611328125 0.02734375
0 0.9013671875 0.4231770833333333 0.009765625 0.022135416666666664
0 0.884033203125 0.587890625 0.00927734375 0.020833333333333332
0 0.940673828125 0.6181640625 0.00927734375 0.018880208333333332
0 0.897705078125 0.6920572916666666 0.01025390625 0.01953125
0 0.916259765625 0.7320963541666666 0.01025390625 0.020182291666666664
0 0.798828125 0.7672526041666666 0.0126953125 0.022786458333333332
0 0.01806640625 0.7737630208333333 0.0361328125 0.041015625
0 0.01806640625 0.9117838541666666 0.0361328125 0.041015625
0 0.0673828125 0.9013671875 0.0361328125 0.041015625
0 0.115478515625 0.8922526041666666 0.03466796875 0.039713541666666664
0 0.160400390625 0.8844401041666666 0.03271484375 0.03841145833333333
0 0.202880859375 0.8763020833333333 0.03173828125 0.037760416666666664
0 0.111083984375 0.9632161458333333 0.03466796875 0.039713541666666664
0 0.24365234375 0.8623046875 0.029296875 0.035807291666666664
0 0.28466796875 0.8603515625 0.02734375 0.03450520833333333
0 0.0224609375 0.15364583333333331 0.0380859375 0.041666666666666664
0 0.032958984375 0.09798177083333333 0.03857421875 0.04231770833333333
0 0.08154296875 0.09309895833333333 0.0361328125 0.041666666666666664
0 0.127685546875 0.123046875 0.03564453125 0.04036458333333333
0 0.168212890625 0.10807291666666666 0.03271484375 0.0390625
0 0.21142578125 0.12337239583333333 0.03125 0.03841145833333333
0 0.2509765625 0.1484375 0.0283203125 0.037760416666666664
