0 0.009765625 0.20865885416666666 0.0126953125 0.027994791666666664
0 0.02783203125 0.20670572916666666 0.0146484375 0.024088541666666664
0 0.047119140625 0.21158854166666666 0.01318359375 0.024739583333333332
0 0.00927734375 0.7434895833333333 0.0126953125 0.024739583333333332
0 0.025390625 0.7473958333333333 0.0126953125 0.026041666666666664
0 0.0439453125 0.7513020833333333 0.0126953125 0.024739583333333332
0 0.0615234375 0.7545572916666666 0.0126953125 0.024739583333333332
0 0.080078125 0.7548828125 0.013671875 0.025390625
0 0.100830078125 0.7630208333333333 0.01416015625 0.02734375
0 0.02783203125 0.7932942708333333 0.0126953125 0.025390625
0 0.434814453125 0.37272135416666663 0.02099609375 0.035807291666666664
0 0.374267578125 0.45572916666666663 0.02197265625 0.033854166666666664
0 0.40478515625 0.560546875 0.0244140625 0.03515625
0 0.713134765625 0.8922526041666666 0.03271484375 0.039713541666666664
0 0.9814453125 0.58203125 0.0361328125 0.049479166666666664
