0 0.017822265625 0.7740885416666666 0.03564453125 0.04036458333333333
0 0.017822265625 0.9117838541666666 0.03564453125 0.039713541666666664
0 0.0673828125 0.9016927083333333 0.0361328125 0.037760416666666664
0 0.115478515625 0.8929036458333333 0.03369140625 0.03841145833333333
0 0.16064453125 0.8837890625 0.03125 0.037109375
0 0.203125 0.8759765625 0.0302734375 0.037109375
0 0.244140625 0.8616536458333333 0.029296875 0.035807291666666664
0 0.284912109375 0.8597005208333333 0.02685546875 0.03450520833333333
0 0.110595703125 0.9632161458333333 0.03466796875 0.041015625
0 0.653076171875 0.587890625 0.01416015625 0.026041666666666664
0 0.635986328125 0.5081380208333333 0.01513671875 0.029296875
0 0.759765625 0.4720052083333333 0.013671875 0.02734375
0 0.85205078125 0.6256510416666666 0.0146484375 0.026041666666666664
0 0.798828125 0.7659505208333333 0.013671875 0.022786458333333332
0 0.88427734375 0.5882161458333333 0.0087890625 0.025390625
0 0.8984375 0.69140625 0.009765625 0.024739583333333332
0 0.916748046875 0.7314453125 0.00927734375 0.022786458333333332
0 0.022216796875 0.15364583333333331 0.03955078125 0.04296875
0 0.03271484375 0.09798177083333333 0.0380859375 0.043619791666666664
0 0.081298828125 0.09342447916666666 0.03662109375 0.04231770833333333
0 0.12744140625 0.123046875 0.03515625 0.041666666666666664
0 0.16796875 0.1083984375 0.033203125 0.039713541666666664
0 0.21142578125 0.12369791666666666 0.03125 0.0390625
0 0.25048828125 0.1494140625 0.029296875 0.035807291666666664
