0 0.0185546875 0.7740885416666666 0.0361328125 0.04296875
0 0.017578125 0.9124348958333333 0.033203125 0.043619791666666664
0 0.06787109375 0.9016927083333333 0.0390625 0.0390625
0 0.113525390625 0.8922526041666666 0.03466796875 0.03841145833333333
0 0.111572265625 0.9635416666666666 0.03369140625 0.0390625
0 0.162109375 0.8854166666666666 0.0302734375 0.03515625
0 0.202880859375 0.8779296875 0.03076171875 0.03841145833333333
0 0.243408203125 0.86328125 0.02978515625 0.037760416666666664
0 0.284423828125 0.8606770833333333 0.02880859375 0.03645833333333333
0 0.021728515625 0.1533203125 0.03759765625 0.044921875
0 0.032470703125 0.09830729166666666 0.03955078125 0.04296875
0 0.08251953125 0.09244791666666666 0.03515625 0.04296875
0 0.128662109375 0.12337239583333333 0.03369140625 0.041015625
0 0.168212890625 0.10774739583333333 0.03173828125 0.03841145833333333
0 0.2119140625 0.12434895833333333 0.029296875 0.037760416666666664
0 0.25146484375 0.14908854166666666 0.029296875 0.037760416666666664
0 0.634765625 0.5081380208333333 0.0166015625 0.026692708333333332
0 0.6533203125 0.5885416666666666 0.0166015625 0.02734375
0 0.792236328125 0.47916666666666663 0.01220703125 0.0234375
0 0.80322265625 0.6298828125 0.0107421875 0.022786458333333332
0 0.798095703125 0.7652994791666666 0.01318359375 0.024088541666666664
0 0.883544921875 0.5891927083333333 0.00927734375 0.020833333333333332
0 0.8974609375 0.6917317708333333 0.009765625 0.022786458333333332
0 0.916748046875 0.7320963541666666 0.00927734375 0.021484375
0 0.90185546875 0.4248046875 0.009765625 0.020182291666666664
