0 0.981201171875 0.5817057291666666 0.03662109375 0.048828125
0 0.712646484375 0.8919270833333333 0.03271484375 0.04036458333333333
0 0.751708984375 0.37565104166666663 0.03662109375 0.04296875
0 0.5888671875 0.642578125 0.0283203125 0.03645833333333333
0 0.373046875 0.45572916666666663 0.021484375 0.03515625
0 0.405029296875 0.5602213541666666 0.02197265625 0.03450520833333333
0 0.0087890625 0.7438151041666666 0.01171875 0.026692708333333332
0 0.025634765625 0.7473958333333333 0.01318359375 0.026041666666666664
0 0.04345703125 0.7516276041666666 0.013671875 0.026692708333333332
0 0.061279296875 0.755859375 0.01318359375 0.026041666666666664
0 0.07958984375 0.7552083333333333 0.013671875 0.02734375
0 0.100830078125 0.7630208333333333 0.01416015625 0.02734375
0 0.02783203125 0.7932942708333333 0.0126953125 0.025390625
0 0.01025390625 0.2099609375 0.013671875 0.026692708333333332
0 0.028564453125 0.20670572916666666 0.01416015625 0.026692708333333332
0 0.047119140625 0.21126302083333331 0.01416015625 0.026692708333333332
