0 0.0185546875 0.7750651041666666 0.0361328125 0.041015625
0 0.018310546875 0.9124348958333333 0.03662109375 0.041015625
0 0.0673828125 0.9020182291666666 0.0361328125 0.039713541666666664
0 0.11474609375 0.8935546875 0.0341796875 0.03841145833333333
0 0.160400390625 0.8850911458333333 0.03271484375 0.037109375
0 0.20263671875 0.8766276041666666 0.0322265625 0.035807291666666664
0 0.243408203125 0.86328125 0.02880859375 0.03515625
0 0.284912109375 0.8600260416666666 0.02783203125 0.03645833333333333
0 0.110595703125 0.9638671875 0.03466796875 0.03841145833333333
0 0.63330078125 0.5081380208333333 0.0185546875 0.027994791666666664
0 0.6533203125 0.5888671875 0.0166015625 0.026692708333333332
0 0.023193359375 0.15559895833333331 0.03955078125 0.04296875
0 0.033203125 0.09830729166666666 0.037109375 0.04036458333333333
0 0.08203125 0.09342447916666666 0.03515625 0.039713541666666664
0 0.1279296875 0.123046875 0.03515625 0.04036458333333333
0 0.168701171875 0.10872395833333333 0.03271484375 0.0390625
0 0.212158203125 0.125 0.03173828125 0.03645833333333333
0 0.251953125 0.14876302083333331 0.029296875 0.037109375
0 0.75146484375 0.6341145833333333 0.013671875 0.024739583333333332
0 0.798828125 0.7672526041666666 0.0126953125 0.022786458333333332
0 0.822265625 0.4856770833333333 0.01171875 0.0234375
0 0.883544921875 0.5885416666666666 0.00927734375 0.020833333333333332
0 0.8974609375 0.6910807291666666 0.0107421875 0.021484375
0 0.91650390625 0.732421875 0.0087890625 0.020833333333333332
0 0.90234375 0.4241536458333333 0.0107421875 0.020182291666666664
