0 0.01904296875 0.7747395833333333 0.033203125 0.037760416666666664
0 0.017822265625 0.9130859375 0.03271484375 0.037109375
0 0.06787109375 0.9033203125 0.03515625 0.03450520833333333
0 0.115478515625 0.8948567708333333 0.03271484375 0.03450520833333333
0 0.160400390625 0.8850911458333333 0.03271484375 0.037109375
0 0.2021484375 0.8811848958333333 0.0302734375 0.033203125
0 0.243408203125 0.86328125 0.02587890625 0.0390625
0 0.284423828125 0.8616536458333333 0.02685546875 0.033203125
0 0.10986328125 0.9658203125 0.0361328125 0.04231770833333333
0 0.653564453125 0.5875651041666666 0.01611328125 0.026692708333333332
0 0.697509765625 0.6396484375 0.01513671875 0.027994791666666664
0 0.850830078125 0.4944661458333333 0.01220703125 0.027994791666666664
0 0.884765625 0.5904947916666666 0.009765625 0.024739583333333332
0 0.799072265625 0.7672526041666666 0.01318359375 0.025390625
0 0.8984375 0.6917317708333333 0.0078125 0.021484375
0 0.91748046875 0.7330729166666666 0.0087890625 0.0234375
0 0.02197265625 0.154296875 0.0390625 0.04296875
0 0.032958984375 0.09830729166666666 0.03857421875 0.04296875
0 0.08154296875 0.09375 0.0361328125 0.041666666666666664
0 0.1279296875 0.12272135416666666 0.0341796875 0.041015625
0 0.16748046875 0.1083984375 0.033203125 0.039713541666666664
0 0.211669921875 0.12434895833333333 0.03076171875 0.037760416666666664
0 0.2509765625 0.14908854166666666 0.029296875 0.03645833333333333
0 0.614990234375 0.4833984375 0.01611328125 0.027994791666666664
