0 0.840576171875 0.3763020833333333 0.04248046875 0.04817708333333333
0 0.980712890625 0.5813802083333333 0.03759765625 0.049479166666666664
0 0.712158203125 0.8919270833333333 0.03369140625 0.041666666666666664
0 0.4052734375 0.5592447916666666 0.025390625 0.03515625
0 0.482177734375 0.6350911458333333 0.02587890625 0.03450520833333333
0 0.10009765625 0.7620442708333333 0.015625 0.026692708333333332
0 0.027587890625 0.7923177083333333 0.01220703125 0.024739583333333332
0 0.079833984375 0.7542317708333333 0.01416015625 0.026692708333333332
0 0.061767578125 0.7545572916666666 0.01416015625 0.02734375
0 0.043701171875 0.7509765625 0.01318359375 0.026692708333333332
0 0.026123046875 0.7470703125 0.01123046875 0.025390625
0 0.00927734375 0.7428385416666666 0.0126953125 0.026041666666666664
0 0.3486328125 0.427734375 0.0205078125 0.033854166666666664
0 0.01025390625 0.208984375 0.013671875 0.02734375
0 0.0283203125 0.20572916666666666 0.0126953125 0.026041666666666664
0 0.047119140625 0.21028645833333331 0.01416015625 0.02734375
