0 0.9345703125 0.37662760416666663 0.0458984375 0.04622395833333333
0 0.98095703125 0.5807291666666666 0.037109375 0.04817708333333333
0 0.712890625 0.8922526041666666 0.0322265625 0.039713541666666664
0 0.392578125 0.6305338541666666 0.0224609375 0.03450520833333333
0 0.40478515625 0.5595703125 0.0234375 0.03450520833333333
0 0.3154296875 0.384765625 0.0185546875 0.03125
0 0.100341796875 0.7626953125 0.01416015625 0.026692708333333332
0 0.079833984375 0.7548828125 0.01318359375 0.026692708333333332
0 0.06103515625 0.7548828125 0.013671875 0.025390625
0 0.027587890625 0.79296875 0.01318359375 0.0234375
0 0.043212890625 0.7513020833333333 0.01416015625 0.024739583333333332
0 0.025390625 0.7473958333333333 0.01171875 0.024739583333333332
0 0.008544921875 0.744140625 0.01318359375 0.0234375
0 0.047119140625 0.21061197916666666 0.01513671875 0.025390625
0 0.02783203125 0.20703125 0.013671875 0.0234375
0 0.009765625 0.208984375 0.0146484375 0.026041666666666664
