0 0.59033203125 0.44140625 0.0185546875 0.028645833333333332
0 0.6396484375 0.6442057291666666 0.0166015625 0.025390625
0 0.653564453125 0.5882161458333333 0.01611328125 0.026692708333333332
0 0.284423828125 0.8606770833333333 0.02685546875 0.03255208333333333
0 0.24365234375 0.8623046875 0.0283203125 0.037109375
0 0.202392578125 0.8763020833333333 0.03076171875 0.03515625
0 0.160400390625 0.884765625 0.03271484375 0.037760416666666664
0 0.115234375 0.892578125 0.0341796875 0.0390625
0 0.06689453125 0.9013671875 0.0380859375 0.03841145833333333
0 0.0185546875 0.7740885416666666 0.037109375 0.04036458333333333
0 0.017333984375 0.9117838541666666 0.03466796875 0.039713541666666664
0 0.251220703125 0.15006510416666666 0.02880859375 0.035807291666666664
0 0.212158203125 0.1240234375 0.02978515625 0.035807291666666664
0 0.16796875 0.10807291666666666 0.0322265625 0.037760416666666664
0 0.128173828125 0.12272135416666666 0.03369140625 0.037109375
0 0.08154296875 0.09342447916666666 0.0361328125 0.039713541666666664
0 0.033203125 0.0986328125 0.0390625 0.04231770833333333
0 0.02197265625 0.15397135416666666 0.0400390625 0.041015625
0 0.908935546875 0.38834635416666663 0.00927734375 0.020182291666666664
0 0.874267578125 0.4983723958333333 0.01025390625 0.021484375
0 0.8837890625 0.5882161458333333 0.009765625 0.020182291666666664
0 0.898193359375 0.6930338541666666 0.00927734375 0.018880208333333332
0 0.91650390625 0.7320963541666666 0.009765625 0.020182291666666664
0 0.799560546875 0.7682291666666666 0.01220703125 0.0234375
0 0.1103515625 0.9635416666666666 0.0341796875 0.0390625
