0 0.05859375 0.6692708333333333 0.0361328125 0.0390625
0 0.07666015625 0.7177734375 0.037109375 0.041015625
0 0.015625 0.6533203125 0.0302734375 0.04231770833333333
0 0.01953125 0.2952473958333333 0.0380859375 0.03841145833333333
0 0.217529296875 0.3466796875 0.03076171875 0.035807291666666664
0 0.34814453125 0.5485026041666666 0.0263671875 0.03450520833333333
0 0.2939453125 0.22623697916666666 0.02734375 0.035807291666666664
0 0.291259765625 0.17610677083333331 0.02392578125 0.033203125
0 0.41845703125 0.546875 0.0224609375 0.03125
0 0.564453125 0.5533854166666666 0.0205078125 0.028645833333333332
0 0.93115234375 0.5016276041666666 0.0087890625 0.020182291666666664
0 0.935302734375 0.9287109375 0.00927734375 0.024088541666666664
0 0.01171875 0.779296875 0.0234375 0.04427083333333333
