0 0.023681640625 0.1533203125 0.03955078125 0.04231770833333333
0 0.032958984375 0.09830729166666666 0.03857421875 0.04036458333333333
0 0.08203125 0.09407552083333333 0.0380859375 0.043619791666666664
0 0.129150390625 0.12174479166666666 0.03564453125 0.04427083333333333
0 0.168701171875 0.10709635416666666 0.03173828125 0.04231770833333333
0 0.2109375 0.125 0.0322265625 0.0390625
0 0.251220703125 0.14908854166666666 0.03076171875 0.037760416666666664
0 0.010986328125 0.6956380208333333 0.02197265625 0.04622395833333333
0 0.018310546875 0.7744140625 0.03662109375 0.041015625
0 0.017822265625 0.9124348958333333 0.03564453125 0.041015625
0 0.0673828125 0.9016927083333333 0.037109375 0.03645833333333333
0 0.577392578125 0.7063802083333333 0.01904296875 0.026041666666666664
0 0.65234375 0.5869140625 0.0166015625 0.027994791666666664
0 0.1103515625 0.9641927083333333 0.0361328125 0.037760416666666664
0 0.114990234375 0.8922526041666666 0.03564453125 0.03841145833333333
0 0.160888671875 0.8854166666666666 0.03466796875 0.03645833333333333
0 0.202880859375 0.876953125 0.03173828125 0.037760416666666664
0 0.243408203125 0.8629557291666666 0.02978515625 0.035807291666666664
0 0.28515625 0.8606770833333333 0.02734375 0.037760416666666664
0 0.8203125 0.36197916666666663 0.013671875 0.022135416666666664
0 0.798828125 0.7679036458333333 0.01171875 0.022786458333333332
0 0.898193359375 0.69140625 0.01123046875 0.020833333333333332
0 0.916015625 0.732421875 0.009765625 0.01953125
0 0.8837890625 0.5885416666666666 0.009765625 0.020833333333333332
0 0.9931640625 0.5305989583333333 0.0087890625 0.01953125
