0 0.047607421875 0.212890625 0.01513671875 0.02734375
0 0.029052734375 0.20703125 0.01708984375 0.028645833333333332
0 0.01025390625 0.20963541666666666 0.015625 0.026041666666666664
0 0.006103515625 0.23307291666666666 0.01220703125 0.026041666666666664
0 0.009033203125 0.7431640625 0.01318359375 0.026692708333333332
0 0.026123046875 0.7477213541666666 0.01318359375 0.025390625
0 0.0439453125 0.7513020833333333 0.013671875 0.026041666666666664
0 0.061279296875 0.7555338541666666 0.01416015625 0.026692708333333332
0 0.07958984375 0.7548828125 0.0146484375 0.027994791666666664
0 0.10107421875 0.7630208333333333 0.015625 0.02734375
0 0.02783203125 0.79296875 0.013671875 0.024739583333333332
0 0.25927734375 0.7438151041666666 0.01953125 0.030598958333333332
0 0.71240234375 0.8919270833333333 0.033203125 0.04036458333333333
0 0.72412109375 0.09342447916666666 0.0361328125 0.043619791666666664
0 0.40380859375 0.5582682291666666 0.0234375 0.03450520833333333
0 0.978515625 0.5813802083333333 0.033203125 0.046875
