0 0.0185546875 0.775390625 0.037109375 0.041666666666666664
0 0.28466796875 0.8600260416666666 0.02734375 0.037760416666666664
0 0.24365234375 0.86328125 0.029296875 0.037760416666666664
0 0.202392578125 0.8759765625 0.03369140625 0.037109375
0 0.16015625 0.884765625 0.0322265625 0.0390625
0 0.115234375 0.8929036458333333 0.03515625 0.041015625
0 0.06787109375 0.90234375 0.0361328125 0.0390625
0 0.018310546875 0.9124348958333333 0.03466796875 0.04231770833333333
0 0.111328125 0.9638671875 0.03515625 0.041015625
0 0.515625 0.76953125 0.01953125 0.026041666666666664
0 0.7998046875 0.7672526041666666 0.01171875 0.021484375
0 0.898193359375 0.69140625 0.01025390625 0.020833333333333332
0 0.917236328125 0.7311197916666666 0.01025390625 0.020833333333333332
0 0.652099609375 0.5872395833333333 0.01611328125 0.02734375
0 0.88330078125 0.587890625 0.01171875 0.022135416666666664
0 0.998046875 0.5322265625 0.0029296875 0.018880208333333332
0 0.819091796875 0.3372395833333333 0.01220703125 0.024739583333333332
0 0.022216796875 0.15364583333333331 0.03857421875 0.04296875
0 0.033203125 0.09765625 0.0390625 0.04296875
0 0.081298828125 0.09309895833333333 0.03662109375 0.041666666666666664
0 0.1279296875 0.12272135416666666 0.03515625 0.041015625
0 0.16796875 0.107421875 0.033203125 0.0390625
0 0.211669921875 0.12337239583333333 0.03173828125 0.037109375
0 0.250732421875 0.1484375 0.02978515625 0.037760416666666664
