0 0.017822265625 0.7747395833333333 0.03564453125 0.04036458333333333
0 0.017822265625 0.9124348958333333 0.03564453125 0.041015625
0 0.066650390625 0.90234375 0.03662109375 0.04036458333333333
0 0.11474609375 0.8935546875 0.03515625 0.03841145833333333
0 0.15966796875 0.884765625 0.0322265625 0.03645833333333333
0 0.20263671875 0.8766276041666666 0.03125 0.037109375
0 0.2431640625 0.86328125 0.029296875 0.03645833333333333
0 0.2841796875 0.8610026041666666 0.02734375 0.03450520833333333
0 0.110595703125 0.9638671875 0.03466796875 0.03841145833333333
0 0.449951171875 0.8349609375 0.02099609375 0.030598958333333332
0 0.65234375 0.5869140625 0.015625 0.026692708333333332
0 0.79931640625 0.7679036458333333 0.01171875 0.022786458333333332
0 0.883544921875 0.5888671875 0.01025390625 0.021484375
0 0.8984375 0.6923828125 0.0107421875 0.020182291666666664
0 0.916748046875 0.7327473958333333 0.01025390625 0.020182291666666664
0 0.0224609375 0.15397135416666666 0.0380859375 0.04231770833333333
0 0.03271484375 0.0986328125 0.0380859375 0.043619791666666664
0 0.080810546875 0.09407552083333333 0.03662109375 0.04231770833333333
0 0.127685546875 0.123046875 0.03564453125 0.041666666666666664
0 0.167724609375 0.10807291666666666 0.03271484375 0.04036458333333333
0 0.21142578125 0.1240234375 0.03125 0.037109375
0 0.25048828125 0.14908854166666666 0.0302734375 0.03645833333333333
0 0.0078125 0.6767578125 0.015625 0.037109375
0 0.81884765625 0.3212890625 0.0107421875 0.022786458333333332
