0 0.45361328125 0.29296875 0.0283203125 0.0390625
0 0.875 0.31608072916666663 0.04296875 0.048828125
0 0.71240234375 0.8919270833333333 0.033203125 0.041666666666666664
0 0.351806640625 0.6930338541666666 0.02099609375 0.03450520833333333
0 0.1005859375 0.7630208333333333 0.015625 0.02734375
0 0.02783203125 0.7926432291666666 0.013671875 0.025390625
0 0.080078125 0.7545572916666666 0.0146484375 0.02734375
0 0.061767578125 0.755859375 0.01416015625 0.028645833333333332
0 0.043701171875 0.7506510416666666 0.01513671875 0.026041666666666664
0 0.025390625 0.748046875 0.0126953125 0.026041666666666664
0 0.009521484375 0.7438151041666666 0.01416015625 0.026692708333333332
0 0.046875 0.21158854166666666 0.0146484375 0.02734375
0 0.02783203125 0.20572916666666666 0.0146484375 0.028645833333333332
0 0.010498046875 0.20865885416666666 0.01416015625 0.026692708333333332
