0 0.031982421875 0.09733072916666666 0.03759765625 0.044921875
0 0.0810546875 0.0927734375 0.0380859375 0.039713541666666664
0 0.02197265625 0.1513671875 0.037109375 0.04231770833333333
0 0.12841796875 0.12272135416666666 0.033203125 0.03841145833333333
0 0.16845703125 0.107421875 0.0322265625 0.037760416666666664
0 0.2119140625 0.12434895833333333 0.0283203125 0.033854166666666664
0 0.251708984375 0.14876302083333331 0.03076171875 0.035807291666666664
0 0.017822265625 0.9117838541666666 0.03564453125 0.039713541666666664
0 0.067626953125 0.9020182291666666 0.03759765625 0.039713541666666664
0 0.115478515625 0.892578125 0.03564453125 0.04036458333333333
0 0.159912109375 0.8854166666666666 0.03369140625 0.0390625
0 0.11181640625 0.9641927083333333 0.03515625 0.0390625
0 0.203125 0.8772786458333333 0.0341796875 0.03841145833333333
0 0.244140625 0.8623046875 0.0302734375 0.035807291666666664
0 0.28515625 0.861328125 0.029296875 0.03645833333333333
0 0.798583984375 0.7669270833333333 0.01123046875 0.022135416666666664
0 0.89794921875 0.6907552083333333 0.009765625 0.022135416666666664
0 0.916015625 0.7320963541666666 0.0107421875 0.021484375
0 0.859619140625 0.466796875 0.01025390625 0.0234375
0 0.90185546875 0.4241536458333333 0.0107421875 0.018880208333333332
0 0.606689453125 0.7005208333333333 0.01806640625 0.026041666666666664
0 0.694091796875 0.4007161458333333 0.01611328125 0.026692708333333332
