0 0.009521484375 0.7428385416666666 0.01220703125 0.024739583333333332
0 0.02783203125 0.7932942708333333 0.013671875 0.025390625
0 0.025390625 0.7473958333333333 0.0126953125 0.024739583333333332
0 0.0439453125 0.7509765625 0.0126953125 0.026692708333333332
0 0.061279296875 0.7548828125 0.01416015625 0.026692708333333332
0 0.079345703125 0.7542317708333333 0.01416015625 0.026692708333333332
0 0.1005859375 0.7630208333333333 0.0146484375 0.02734375
0 0.184326171875 0.7662760416666666 0.01708984375 0.028645833333333332
0 0.010498046875 0.20963541666666666 0.01513671875 0.026041666666666664
0 0.027587890625 0.20670572916666666 0.01416015625 0.027994791666666664
0 0.04638671875 0.21028645833333331 0.013671875 0.024739583333333332
0 0.404541015625 0.55859375 0.02392578125 0.03515625
0 0.646728515625 0.11555989583333333 0.02978515625 0.043619791666666664
0 0.713134765625 0.8912760416666666 0.03271484375 0.04036458333333333
0 0.981201171875 0.5823567708333333 0.03662109375 0.05013020833333333
