0 0.017822265625 0.9124348958333333 0.03564453125 0.041015625
0 0.067138671875 0.9020182291666666 0.03564453125 0.039713541666666664
0 0.114990234375 0.8935546875 0.03466796875 0.03841145833333333
0 0.111083984375 0.9638671875 0.03466796875 0.03841145833333333
0 0.159912109375 0.8844401041666666 0.03271484375 0.037109375
0 0.20263671875 0.876953125 0.03125 0.03645833333333333
0 0.24365234375 0.8629557291666666 0.029296875 0.035807291666666664
0 0.284423828125 0.8610026041666666 0.02783203125 0.03450520833333333
0 0.40087890625 0.8063151041666666 0.0234375 0.030598958333333332
0 0.652587890625 0.5869140625 0.01513671875 0.026692708333333332
0 0.75537109375 0.35416666666666663 0.013671875 0.024739583333333332
0 0.798828125 0.767578125 0.0107421875 0.020833333333333332
0 0.8837890625 0.5888671875 0.009765625 0.020182291666666664
0 0.898193359375 0.6917317708333333 0.01025390625 0.020182291666666664
0 0.916015625 0.732421875 0.009765625 0.020833333333333332
0 0.250732421875 0.14778645833333331 0.02880859375 0.03645833333333333
0 0.211669921875 0.12337239583333333 0.03076171875 0.03841145833333333
0 0.022216796875 0.15364583333333331 0.03857421875 0.041666666666666664
0 0.033447265625 0.09798177083333333 0.03857421875 0.041015625
0 0.081298828125 0.0927734375 0.03564453125 0.041015625
0 0.1279296875 0.12239583333333333 0.0341796875 0.04036458333333333
0 0.167724609375 0.10774739583333333 0.03271484375 0.03841145833333333
