0 0.217529296875 0.3466796875 0.03076171875 0.03450520833333333
0 0.2939453125 0.22591145833333331 0.02734375 0.033854166666666664
0 0.477294921875 0.2532552083333333 0.02099609375 0.029947916666666664
0 0.291015625 0.17610677083333331 0.0244140625 0.03450520833333333
0 0.05859375 0.6689453125 0.0361328125 0.041015625
0 0.07666015625 0.7174479166666666 0.0361328125 0.0390625
0 0.0146484375 0.65234375 0.029296875 0.041666666666666664
0 0.010986328125 0.7789713541666666 0.02197265625 0.04231770833333333
0 0.019775390625 0.29557291666666663 0.03857421875 0.04036458333333333
0 0.935546875 0.9287109375 0.0087890625 0.021484375
0 0.990234375 0.6223958333333333 0.0078125 0.018229166666666664
0 0.994140625 0.5891927083333333 0.0078125 0.01953125
0 0.193115234375 0.5553385416666666 0.02392578125 0.03125
