0 0.98095703125 0.58203125 0.037109375 0.04817708333333333
0 0.712646484375 0.8916015625 0.03369140625 0.04231770833333333
0 0.443603515625 0.2854817708333333 0.02490234375 0.035807291666666664
0 0.40380859375 0.5582682291666666 0.0224609375 0.03450520833333333
0 0.152099609375 0.7291666666666666 0.01416015625 0.02734375
0 0.027587890625 0.79296875 0.01220703125 0.024739583333333332
0 0.00927734375 0.7434895833333333 0.0126953125 0.024739583333333332
0 0.025634765625 0.7473958333333333 0.01318359375 0.024739583333333332
0 0.043212890625 0.7513020833333333 0.01318359375 0.024739583333333332
0 0.061279296875 0.7548828125 0.01318359375 0.025390625
0 0.080078125 0.7545572916666666 0.013671875 0.026041666666666664
0 0.10107421875 0.7626953125 0.0146484375 0.026692708333333332
0 0.04638671875 0.21158854166666666 0.0146484375 0.02734375
0 0.02783203125 0.20638020833333331 0.013671875 0.028645833333333332
0 0.01025390625 0.2080078125 0.013671875 0.025390625
