0 0.0126953125 0.6712239583333333 0.021484375 0.041666666666666664
0 0.018798828125 0.7766927083333333 0.03369140625 0.04427083333333333
0 0.017578125 0.9124348958333333 0.0341796875 0.037109375
0 0.066650390625 0.9016927083333333 0.03857421875 0.0390625
0 0.11474609375 0.8929036458333333 0.037109375 0.039713541666666664
0 0.11181640625 0.9619140625 0.03515625 0.041015625
0 0.1611328125 0.8850911458333333 0.03515625 0.041015625
0 0.2021484375 0.8792317708333333 0.03515625 0.041015625
0 0.24267578125 0.8626302083333333 0.03125 0.03645833333333333
0 0.2841796875 0.8606770833333333 0.0263671875 0.033854166666666664
0 0.376220703125 0.7916666666666666 0.02490234375 0.03515625
0 0.64990234375 0.5833333333333333 0.0185546875 0.03255208333333333
0 0.7978515625 0.765625 0.013671875 0.02734375
0 0.8837890625 0.5875651041666666 0.0087890625 0.024088541666666664
0 0.965087890625 0.5901692708333333 0.00927734375 0.020182291666666664
0 0.8984375 0.6920572916666666 0.0107421875 0.022135416666666664
0 0.91650390625 0.7327473958333333 0.009765625 0.018880208333333332
0 0.25146484375 0.14680989583333331 0.029296875 0.041015625
0 0.212646484375 0.1259765625 0.03076171875 0.039713541666666664
0 0.02392578125 0.15559895833333331 0.0380859375 0.046875
0 0.0341796875 0.09895833333333333 0.0390625 0.041666666666666664
0 0.08251953125 0.0908203125 0.0361328125 0.04231770833333333
0 0.131591796875 0.12109375 0.03369140625 0.04036458333333333
0 0.16845703125 0.10807291666666666 0.0341796875 0.041666666666666664
0 0.687744140625 0.3935546875 0.01513671875 0.026692708333333332
