0 0.65771484375 0.41276041666666663 0.015625 0.02734375
0 0.65234375 0.5869140625 0.0166015625 0.025390625
0 0.94580078125 0.5895182291666666 0.009765625 0.018880208333333332
0 0.8837890625 0.5895182291666666 0.0107421875 0.020182291666666664
0 0.89794921875 0.6920572916666666 0.009765625 0.01953125
0 0.916259765625 0.732421875 0.00927734375 0.01953125
0 0.798828125 0.767578125 0.01171875 0.022135416666666664
0 0.370361328125 0.79296875 0.02392578125 0.03255208333333333
0 0.2841796875 0.8606770833333333 0.02734375 0.033854166666666664
0 0.24365234375 0.8629557291666666 0.0283203125 0.035807291666666664
0 0.203125 0.8766276041666666 0.03125 0.035807291666666664
0 0.16015625 0.8850911458333333 0.033203125 0.037109375
0 0.115234375 0.8932291666666666 0.03515625 0.037760416666666664
0 0.067138671875 0.9016927083333333 0.03662109375 0.0390625
0 0.017822265625 0.9124348958333333 0.03564453125 0.041015625
0 0.111083984375 0.9638671875 0.03466796875 0.039713541666666664
0 0.018310546875 0.7747395833333333 0.03662109375 0.04036458333333333
0 0.00927734375 0.6751302083333333 0.0185546875 0.04036458333333333
0 0.251220703125 0.14908854166666666 0.02783203125 0.033854166666666664
0 0.211669921875 0.12434895833333333 0.02978515625 0.037760416666666664
0 0.16796875 0.1083984375 0.0322265625 0.03841145833333333
0 0.12841796875 0.12272135416666666 0.03515625 0.041015625
0 0.081298828125 0.09375 0.03564453125 0.04036458333333333
0 0.033203125 0.09830729166666666 0.0380859375 0.041666666666666664
0 0.0224609375 0.15462239583333331 0.0380859375 0.04231770833333333
