0 0.011474609375 0.7789713541666666 0.02294921875 0.043619791666666664
0 0.015625 0.6529947916666666 0.03125 0.04296875
0 0.058837890625 0.6692708333333333 0.03759765625 0.041666666666666664
0 0.076416015625 0.7184244791666666 0.03759765625 0.04231770833333333
0 0.01904296875 0.29752604166666663 0.0380859375 0.04296875
0 0.21826171875 0.3470052083333333 0.03125 0.037760416666666664
0 0.291748046875 0.17643229166666666 0.02685546875 0.033854166666666664
0 0.2939453125 0.22623697916666666 0.02734375 0.03450520833333333
0 0.3486328125 0.5485026041666666 0.025390625 0.03450520833333333
0 0.418701171875 0.5458984375 0.02294921875 0.03450520833333333
0 0.54248046875 0.5524088541666666 0.01953125 0.029296875
0 0.9189453125 0.4925130208333333 0.0087890625 0.020182291666666664
0 0.935546875 0.9283854166666666 0.0087890625 0.022135416666666664
