0 0.3984375 0.32584635416666663 0.0234375 0.035807291666666664
0 0.403564453125 0.5572916666666666 0.02392578125 0.03515625
0 0.148193359375 0.7262369791666666 0.01513671875 0.027994791666666664
0 0.1005859375 0.7630208333333333 0.0146484375 0.02734375
0 0.02783203125 0.79296875 0.013671875 0.024739583333333332
0 0.079833984375 0.7542317708333333 0.01318359375 0.027994791666666664
0 0.06103515625 0.7555338541666666 0.013671875 0.026692708333333332
0 0.04345703125 0.7509765625 0.013671875 0.025390625
0 0.02587890625 0.7473958333333333 0.013671875 0.026041666666666664
0 0.009033203125 0.744140625 0.01318359375 0.026041666666666664
0 0.712158203125 0.8916015625 0.03369140625 0.041015625
0 0.980712890625 0.5807291666666666 0.03759765625 0.04817708333333333
0 0.046630859375 0.21028645833333331 0.01416015625 0.02734375
0 0.027587890625 0.205078125 0.01416015625 0.02734375
0 0.010009765625 0.208984375 0.01416015625 0.026041666666666664
