0 0.0087890625 0.6764322916666666 0.017578125 0.04036458333333333
0 0.018310546875 0.7744140625 0.03662109375 0.041015625
0 0.3662109375 0.7906901041666666 0.0244140625 0.031901041666666664
0 0.017822265625 0.9117838541666666 0.03564453125 0.041015625
0 0.0673828125 0.9020182291666666 0.0361328125 0.039713541666666664
0 0.115478515625 0.8932291666666666 0.03466796875 0.0390625
0 0.160400390625 0.884765625 0.03271484375 0.037760416666666664
0 0.202880859375 0.8766276041666666 0.03173828125 0.035807291666666664
0 0.24365234375 0.8629557291666666 0.029296875 0.037109375
0 0.284423828125 0.8610026041666666 0.02783203125 0.03450520833333333
0 0.111083984375 0.9638671875 0.03466796875 0.039713541666666664
0 0.628662109375 0.4319661458333333 0.01611328125 0.027994791666666664
0 0.652099609375 0.5865885416666666 0.01611328125 0.02734375
0 0.798828125 0.7679036458333333 0.01171875 0.025390625
0 0.8837890625 0.5895182291666666 0.009765625 0.020182291666666664
0 0.92724609375 0.5875651041666666 0.009765625 0.020182291666666664
0 0.89794921875 0.6920572916666666 0.009765625 0.020833333333333332
0 0.91650390625 0.7327473958333333 0.009765625 0.021484375
0 0.0224609375 0.154296875 0.0380859375 0.04296875
0 0.033203125 0.09830729166666666 0.0380859375 0.04296875
0 0.080810546875 0.09407552083333333 0.03662109375 0.041015625
0 0.1279296875 0.12337239583333333 0.03515625 0.039713541666666664
0 0.167724609375 0.1083984375 0.03271484375 0.03841145833333333
0 0.211669921875 0.12369791666666666 0.02978515625 0.03645833333333333
0 0.2509765625 0.1494140625 0.029296875 0.035807291666666664
