0 0.02734375 0.79296875 0.01171875 0.024739583333333332
0 0.00927734375 0.7434895833333333 0.0126953125 0.026041666666666664
0 0.025634765625 0.7470703125 0.01220703125 0.025390625
0 0.04345703125 0.7516276041666666 0.0126953125 0.025390625
0 0.061279296875 0.7552083333333333 0.01318359375 0.026041666666666664
0 0.07958984375 0.7545572916666666 0.013671875 0.026041666666666664
0 0.100830078125 0.7630208333333333 0.01416015625 0.02734375
0 0.145751953125 0.7249348958333333 0.01611328125 0.027994791666666664
0 0.359375 0.359375 0.0224609375 0.03645833333333333
0 0.403564453125 0.5569661458333333 0.02294921875 0.03450520833333333
0 0.711669921875 0.8916015625 0.03076171875 0.03841145833333333
0 0.98095703125 0.5810546875 0.037109375 0.047526041666666664
0 0.01025390625 0.20930989583333331 0.013671875 0.026692708333333332
0 0.02783203125 0.20638020833333331 0.0146484375 0.02734375
0 0.046875 0.2119140625 0.0146484375 0.026692708333333332
