0 0.017822265625 0.7747395833333333 0.03564453125 0.04036458333333333
0 0.017822265625 0.9127604166666666 0.03564453125 0.04036458333333333
0 0.067138671875 0.9020182291666666 0.03759765625 0.039713541666666664
0 0.11474609375 0.8935546875 0.03515625 0.03841145833333333
0 0.111083984375 0.9641927083333333 0.03466796875 0.0390625
0 0.15966796875 0.8850911458333333 0.033203125 0.037109375
0 0.2021484375 0.876953125 0.0322265625 0.03645833333333333
0 0.244384765625 0.86328125 0.02880859375 0.037760416666666664
0 0.28466796875 0.861328125 0.0302734375 0.03515625
0 0.36572265625 0.7906901041666666 0.0263671875 0.037109375
0 0.250244140625 0.14876302083333331 0.02978515625 0.035807291666666664
0 0.6513671875 0.5859375 0.015625 0.02734375
0 0.599365234375 0.4501953125 0.01611328125 0.027994791666666664
0 0.883544921875 0.58984375 0.01025390625 0.022135416666666664
0 0.909423828125 0.5869140625 0.00927734375 0.022786458333333332
0 0.798828125 0.7672526041666666 0.0126953125 0.024088541666666664
0 0.898193359375 0.6920572916666666 0.01025390625 0.022135416666666664
0 0.91650390625 0.7327473958333333 0.0087890625 0.020182291666666664
0 0.213623046875 0.1240234375 0.02880859375 0.041015625
0 0.16796875 0.10709635416666666 0.03125 0.03841145833333333
0 0.12744140625 0.12239583333333333 0.0341796875 0.0390625
0 0.022216796875 0.15397135416666666 0.03759765625 0.041015625
0 0.03271484375 0.09733072916666666 0.037109375 0.04231770833333333
0 0.0810546875 0.09342447916666666 0.0341796875 0.039713541666666664
0 0.00927734375 0.6761067708333333 0.0185546875 0.041015625
