0 0.571044921875 0.4690755208333333 0.01611328125 0.029296875
0 0.65185546875 0.5865885416666666 0.015625 0.029947916666666664
0 0.880859375 0.5891927083333333 0.0107421875 0.020833333333333332
0 0.895751953125 0.5843098958333333 0.01025390625 0.021484375
0 0.980224609375 0.564453125 0.00732421875 0.020833333333333332
0 0.8984375 0.6907552083333333 0.0087890625 0.022135416666666664
0 0.916259765625 0.732421875 0.00927734375 0.01953125
0 0.799072265625 0.7672526041666666 0.01318359375 0.021484375
0 0.364990234375 0.7900390625 0.02392578125 0.031901041666666664
0 0.2841796875 0.8610026041666666 0.02734375 0.03450520833333333
0 0.242919921875 0.8626302083333333 0.02880859375 0.03515625
0 0.202392578125 0.876953125 0.03076171875 0.03645833333333333
0 0.16015625 0.8850911458333333 0.0322265625 0.037109375
0 0.114990234375 0.8935546875 0.03466796875 0.037109375
0 0.111083984375 0.9638671875 0.03466796875 0.03841145833333333
0 0.067138671875 0.90234375 0.03662109375 0.0390625
0 0.017822265625 0.9127604166666666 0.03564453125 0.04036458333333333
0 0.017578125 0.7740885416666666 0.03515625 0.0390625
0 0.0087890625 0.6761067708333333 0.017578125 0.041015625
0 0.2509765625 0.1494140625 0.029296875 0.033203125
0 0.211181640625 0.1240234375 0.03173828125 0.035807291666666664
0 0.1669921875 0.10872395833333333 0.0322265625 0.03645833333333333
0 0.127197265625 0.1220703125 0.03369140625 0.039713541666666664
0 0.081298828125 0.09309895833333333 0.03564453125 0.04036458333333333
0 0.032958984375 0.09895833333333333 0.03759765625 0.04296875
0 0.021484375 0.15364583333333331 0.037109375 0.041666666666666664
