0 0.9716796875 0.5826822916666666 0.0458984375 0.04817708333333333
0 0.712890625 0.8916015625 0.0322265625 0.041015625
0 0.403564453125 0.5572916666666666 0.02294921875 0.033854166666666664
0 0.296142578125 0.41764322916666663 0.01904296875 0.031901041666666664
0 0.14501953125 0.724609375 0.0146484375 0.02734375
0 0.00927734375 0.744140625 0.0126953125 0.02734375
0 0.025634765625 0.748046875 0.01220703125 0.026041666666666664
0 0.04345703125 0.7513020833333333 0.0126953125 0.02734375
0 0.0615234375 0.7548828125 0.013671875 0.026692708333333332
0 0.07958984375 0.7548828125 0.0146484375 0.027994791666666664
0 0.100830078125 0.7623697916666666 0.01416015625 0.028645833333333332
0 0.027587890625 0.79296875 0.01220703125 0.026041666666666664
0 0.010498046875 0.21028645833333331 0.01416015625 0.02734375
0 0.0283203125 0.20670572916666666 0.013671875 0.029296875
0 0.04638671875 0.21158854166666666 0.0146484375 0.02734375
