0 0.9384765625 0.5865885416666666 0.0439453125 0.046875
0 0.712158203125 0.8922526041666666 0.03271484375 0.041015625
0 0.403564453125 0.5579427083333333 0.02294921875 0.033854166666666664
0 0.271728515625 0.4427083333333333 0.01904296875 0.03125
0 0.144775390625 0.7249348958333333 0.01416015625 0.027994791666666664
0 0.0087890625 0.7434895833333333 0.0126953125 0.026041666666666664
0 0.025390625 0.7470703125 0.0126953125 0.025390625
0 0.04296875 0.7509765625 0.013671875 0.025390625
0 0.060791015625 0.7552083333333333 0.01318359375 0.026041666666666664
0 0.07958984375 0.7545572916666666 0.013671875 0.02734375
0 0.100830078125 0.7630208333333333 0.01513671875 0.028645833333333332
0 0.027587890625 0.7923177083333333 0.01318359375 0.026041666666666664
0 0.0107421875 0.21028645833333331 0.0126953125 0.02734375
0 0.027587890625 0.20638020833333331 0.01416015625 0.02734375
0 0.046875 0.21061197916666666 0.0146484375 0.026692708333333332
0 0.995361328125 0.5641276041666666 0.00830078125 0.03450520833333333
