0 0.019287109375 0.294921875 0.03857421875 0.037760416666666664
0 0.2939453125 0.17610677083333331 0.0263671875 0.029296875
0 0.2939453125 0.22526041666666666 0.0263671875 0.03645833333333333
0 0.2177734375 0.345703125 0.0322265625 0.03645833333333333
0 0.0146484375 0.6529947916666666 0.029296875 0.04296875
0 0.058349609375 0.6702473958333333 0.03466796875 0.039713541666666664
0 0.07666015625 0.7184244791666666 0.037109375 0.041015625
0 0.010986328125 0.7789713541666666 0.02197265625 0.039713541666666664
0 0.348876953125 0.5481770833333333 0.02490234375 0.03255208333333333
0 0.417724609375 0.5462239583333333 0.02490234375 0.029947916666666664
0 0.526123046875 0.552734375 0.01708984375 0.02734375
0 0.90966796875 0.4853515625 0.0087890625 0.020182291666666664
0 0.93603515625 0.9290364583333333 0.0078125 0.01953125
