0 0.917236328125 0.5888671875 0.04345703125 0.04622395833333333
0 0.71240234375 0.8919270833333333 0.0322265625 0.04036458333333333
0 0.403564453125 0.55859375 0.02197265625 0.033854166666666664
0 0.25 0.4651692708333333 0.0185546875 0.030598958333333332
0 0.14501953125 0.7252604166666666 0.0146484375 0.028645833333333332
0 0.10107421875 0.7630208333333333 0.013671875 0.02734375
0 0.07958984375 0.7545572916666666 0.0146484375 0.02734375
0 0.0615234375 0.755859375 0.013671875 0.026041666666666664
0 0.04345703125 0.7522786458333333 0.0126953125 0.026692708333333332
0 0.026123046875 0.748046875 0.01318359375 0.026041666666666664
0 0.00927734375 0.7438151041666666 0.0126953125 0.025390625
0 0.027587890625 0.7932942708333333 0.01318359375 0.026692708333333332
0 0.010009765625 0.208984375 0.01318359375 0.028645833333333332
0 0.027099609375 0.2060546875 0.01220703125 0.024088541666666664
0 0.047607421875 0.2119140625 0.01611328125 0.027994791666666664
0 0.990966796875 0.5608723958333333 0.01708984375 0.043619791666666664
