0 0.036376953125 0.3880208333333333 0.03759765625 0.04296875
0 0.163818359375 0.3115234375 0.03271484375 0.03841145833333333
0 0.179443359375 0.7796223958333333 0.03173828125 0.037109375
0 0.236083984375 0.8453776041666666 0.02978515625 0.035807291666666664
0 0.641357421875 0.388671875 0.01806640625 0.028645833333333332
0 0.77734375 0.35709635416666663 0.015625 0.025390625
0 0.802734375 0.4915364583333333 0.0146484375 0.024739583333333332
0 0.733154296875 0.6318359375 0.01611328125 0.026692708333333332
0 0.613525390625 0.8033854166666666 0.01904296875 0.028645833333333332
0 0.87890625 0.69140625 0.01171875 0.026041666666666664
