0 0.0185546875 0.9130859375 0.033203125 0.039713541666666664
0 0.0673828125 0.9020182291666666 0.0361328125 0.03841145833333333
0 0.115234375 0.8935546875 0.0341796875 0.039713541666666664
0 0.159423828125 0.8854166666666666 0.03369140625 0.04036458333333333
0 0.202392578125 0.8766276041666666 0.03076171875 0.037109375
0 0.2431640625 0.86328125 0.0283203125 0.037760416666666664
0 0.2841796875 0.8610026041666666 0.0283203125 0.035807291666666664
0 0.111083984375 0.9632161458333333 0.03564453125 0.04231770833333333
0 0.693603515625 0.40006510416666663 0.01806640625 0.027994791666666664
0 0.9013671875 0.4251302083333333 0.0126953125 0.022135416666666664
0 0.85888671875 0.4651692708333333 0.0166015625 0.025390625
0 0.8984375 0.6897786458333333 0.0107421875 0.024088541666666664
0 0.799072265625 0.7672526041666666 0.01123046875 0.024088541666666664
0 0.917236328125 0.7317708333333333 0.01123046875 0.0234375
0 0.12939453125 0.12174479166666666 0.033203125 0.04427083333333333
0 0.033447265625 0.09635416666666666 0.03955078125 0.041666666666666664
0 0.025146484375 0.15592447916666666 0.03955078125 0.044921875
0 0.082275390625 0.09309895833333333 0.03564453125 0.045572916666666664
0 0.170166015625 0.107421875 0.03564453125 0.04427083333333333
0 0.212890625 0.12174479166666666 0.033203125 0.04427083333333333
0 0.250732421875 0.14322916666666666 0.03271484375 0.041666666666666664
0 0.60595703125 0.7005208333333333 0.017578125 0.02734375
