0 0.712158203125 0.8929036458333333 0.03271484375 0.039713541666666664
0 0.453369140625 0.2932942708333333 0.02587890625 0.037109375
0 0.351806640625 0.6930338541666666 0.02099609375 0.030598958333333332
0 0.100830078125 0.7626953125 0.01513671875 0.026692708333333332
0 0.07958984375 0.7548828125 0.0146484375 0.026692708333333332
0 0.0615234375 0.7555338541666666 0.013671875 0.026692708333333332
0 0.04345703125 0.7522786458333333 0.013671875 0.025390625
0 0.025634765625 0.7483723958333333 0.01220703125 0.024088541666666664
0 0.009521484375 0.7444661458333333 0.01220703125 0.026692708333333332
0 0.02783203125 0.7932942708333333 0.0126953125 0.024088541666666664
0 0.04638671875 0.21158854166666666 0.013671875 0.028645833333333332
0 0.02783203125 0.20572916666666666 0.013671875 0.026041666666666664
0 0.01025390625 0.208984375 0.0126953125 0.024739583333333332
