0 0.982421875 0.5771484375 0.033203125 0.048828125
0 0.906982421875 0.5891927083333333 0.04248046875 0.045572916666666664
0 0.712646484375 0.8916015625 0.03271484375 0.041015625
0 0.403564453125 0.5579427083333333 0.02294921875 0.033854166666666664
0 0.232421875 0.48111979166666663 0.0166015625 0.03125
0 0.14501953125 0.7242838541666666 0.015625 0.027994791666666664
0 0.100830078125 0.7630208333333333 0.01513671875 0.02734375
0 0.080078125 0.7548828125 0.0146484375 0.026692708333333332
0 0.061279296875 0.7555338541666666 0.01318359375 0.026692708333333332
0 0.04345703125 0.7506510416666666 0.0126953125 0.02734375
0 0.025634765625 0.7470703125 0.01220703125 0.026692708333333332
0 0.02783203125 0.7923177083333333 0.0126953125 0.026041666666666664
0 0.00927734375 0.744140625 0.0126953125 0.02734375
0 0.01025390625 0.208984375 0.0126953125 0.026041666666666664
0 0.027099609375 0.2060546875 0.01220703125 0.027994791666666664
