0 0.009033203125 0.7438151041666666 0.01416015625 0.025390625
0 0.025634765625 0.7473958333333333 0.01318359375 0.026041666666666664
0 0.04345703125 0.7513020833333333 0.013671875 0.024739583333333332
0 0.0615234375 0.7561848958333333 0.013671875 0.026692708333333332
0 0.079833984375 0.7552083333333333 0.01416015625 0.02734375
0 0.100830078125 0.7633463541666666 0.01611328125 0.027994791666666664
0 0.02783203125 0.7932942708333333 0.0146484375 0.026692708333333332
0 0.145751953125 0.7255859375 0.01611328125 0.027994791666666664
0 0.010009765625 0.208984375 0.01416015625 0.026041666666666664
0 0.02783203125 0.2060546875 0.0146484375 0.026692708333333332
0 0.046630859375 0.2119140625 0.01513671875 0.026692708333333332
0 0.196533203125 0.51953125 0.01611328125 0.03125
0 0.404541015625 0.5589192708333333 0.02392578125 0.037109375
0 0.713134765625 0.8922526041666666 0.03271484375 0.041015625
0 0.82080078125 0.3743489583333333 0.0400390625 0.046875
0 0.881103515625 0.5885416666666666 0.04248046875 0.045572916666666664
0 0.92236328125 0.6793619791666666 0.04296875 0.04622395833333333
