0 0.91650390625 0.732421875 0.009765625 0.01953125
0 0.89794921875 0.69140625 0.009765625 0.020833333333333332
0 0.863525390625 0.6458333333333333 0.00927734375 0.022135416666666664
0 0.857666015625 0.5934244791666666 0.01025390625 0.021484375
0 0.798828125 0.7679036458333333 0.01171875 0.022786458333333332
0 0.791259765625 0.42838541666666663 0.01123046875 0.022135416666666664
0 0.65185546875 0.5856119791666666 0.015625 0.026692708333333332
0 0.4453125 0.5634765625 0.0205078125 0.029296875
0 0.365234375 0.7913411458333333 0.0244140625 0.031901041666666664
0 0.28466796875 0.861328125 0.0283203125 0.03515625
0 0.243408203125 0.8626302083333333 0.02880859375 0.03645833333333333
0 0.20263671875 0.8763020833333333 0.03125 0.037760416666666664
0 0.159912109375 0.8844401041666666 0.03271484375 0.037109375
0 0.114990234375 0.8932291666666666 0.03369140625 0.037760416666666664
0 0.11083984375 0.9635416666666666 0.03515625 0.0390625
0 0.06689453125 0.90234375 0.03515625 0.0390625
0 0.017822265625 0.9124348958333333 0.03564453125 0.041015625
0 0.01806640625 0.7740885416666666 0.0361328125 0.04036458333333333
0 0.009033203125 0.6761067708333333 0.01806640625 0.041015625
0 0.032958984375 0.09895833333333333 0.03759765625 0.04296875
0 0.02197265625 0.15494791666666666 0.0390625 0.04296875
0 0.0810546875 0.09375 0.03515625 0.041666666666666664
0 0.128662109375 0.123046875 0.03466796875 0.041666666666666664
0 0.16796875 0.10807291666666666 0.0322265625 0.0390625
0 0.2119140625 0.12467447916666666 0.0302734375 0.03450520833333333
0 0.250732421875 0.14778645833333331 0.02978515625 0.0390625
