0 0.66015625 0.28678385416666663 0.0322265625 0.044921875
0 0.88134765625 0.5891927083333333 0.041015625 0.04817708333333333
0 0.909423828125 0.7027994791666666 0.04443359375 0.048828125
0 0.7138671875 0.8902994791666666 0.033203125 0.04622395833333333
0 0.404296875 0.5582682291666666 0.025390625 0.03841145833333333
0 0.1875 0.5276692708333333 0.0166015625 0.030598958333333332
0 0.047607421875 0.21354166666666666 0.01611328125 0.028645833333333332
0 0.027587890625 0.20703125 0.01513671875 0.028645833333333332
0 0.009765625 0.20963541666666666 0.0166015625 0.029947916666666664
0 0.005615234375 0.23372395833333331 0.01123046875 0.0234375
0 0.14599609375 0.724609375 0.0166015625 0.02734375
0 0.1005859375 0.7633463541666666 0.015625 0.027994791666666664
0 0.079833984375 0.7552083333333333 0.01416015625 0.02734375
0 0.061279296875 0.755859375 0.01318359375 0.02734375
0 0.04345703125 0.7516276041666666 0.013671875 0.026692708333333332
0 0.026123046875 0.7473958333333333 0.01416015625 0.026041666666666664
0 0.009033203125 0.7444661458333333 0.01416015625 0.026692708333333332
0 0.02783203125 0.7923177083333333 0.013671875 0.024739583333333332
