0 0.009765625 0.67578125 0.01953125 0.037760416666666664
0 0.01904296875 0.7750651041666666 0.037109375 0.039713541666666664
0 0.01806640625 0.9130859375 0.03515625 0.041015625
0 0.0673828125 0.90234375 0.0361328125 0.04036458333333333
0 0.115478515625 0.8929036458333333 0.03466796875 0.03841145833333333
0 0.111328125 0.9641927083333333 0.0341796875 0.04036458333333333
0 0.160888671875 0.8854166666666666 0.03271484375 0.037760416666666664
0 0.202392578125 0.8766276041666666 0.03173828125 0.03450520833333333
0 0.243896484375 0.8626302083333333 0.02880859375 0.03515625
0 0.2841796875 0.8606770833333333 0.0283203125 0.03515625
0 0.024169921875 0.15462239583333331 0.03857421875 0.04231770833333333
0 0.033203125 0.09830729166666666 0.0390625 0.04296875
0 0.081787109375 0.09342447916666666 0.03564453125 0.041015625
0 0.1279296875 0.123046875 0.0341796875 0.037760416666666664
0 0.1689453125 0.10807291666666666 0.033203125 0.0390625
0 0.212158203125 0.123046875 0.03076171875 0.0390625
0 0.251708984375 0.14876302083333331 0.02978515625 0.035807291666666664
0 0.365234375 0.791015625 0.0234375 0.03255208333333333
0 0.446044921875 0.5634765625 0.02197265625 0.030598958333333332
0 0.651611328125 0.5872395833333333 0.01806640625 0.02734375
0 0.798583984375 0.767578125 0.01220703125 0.022135416666666664
0 0.762451171875 0.4007161458333333 0.01318359375 0.024088541666666664
0 0.851318359375 0.5787760416666666 0.01025390625 0.022135416666666664
0 0.855712890625 0.6233723958333333 0.01123046875 0.020182291666666664
0 0.860595703125 0.6569010416666666 0.01025390625 0.022135416666666664
0 0.898681640625 0.6917317708333333 0.01025390625 0.021484375
0 0.91650390625 0.732421875 0.009765625 0.01953125
