0 0.36572265625 0.7906901041666666 0.0234375 0.033203125
0 0.445556640625 0.5641276041666666 0.02294921875 0.03450520833333333
0 0.009033203125 0.673828125 0.01806640625 0.041666666666666664
0 0.017333984375 0.7740885416666666 0.03466796875 0.041666666666666664
0 0.01806640625 0.9130859375 0.0341796875 0.041015625
0 0.067138671875 0.9026692708333333 0.03564453125 0.041015625
0 0.115234375 0.8938802083333333 0.037109375 0.041666666666666664
0 0.159423828125 0.8850911458333333 0.03271484375 0.039713541666666664
0 0.20263671875 0.876953125 0.0322265625 0.04036458333333333
0 0.2431640625 0.8629557291666666 0.0302734375 0.039713541666666664
0 0.28466796875 0.8610026041666666 0.029296875 0.037109375
0 0.11083984375 0.9632161458333333 0.03515625 0.039713541666666664
0 0.250244140625 0.1494140625 0.02978515625 0.03450520833333333
0 0.21240234375 0.125 0.029296875 0.033854166666666664
0 0.16796875 0.109375 0.0341796875 0.0390625
0 0.12744140625 0.12272135416666666 0.0341796875 0.04231770833333333
0 0.0810546875 0.09407552083333333 0.0361328125 0.041015625
0 0.033203125 0.09765625 0.0380859375 0.04296875
0 0.0224609375 0.15397135416666666 0.0390625 0.043619791666666664
0 0.762451171875 0.40104166666666663 0.01318359375 0.0234375
0 0.652587890625 0.587890625 0.01611328125 0.029947916666666664
0 0.8291015625 0.5257161458333333 0.0107421875 0.021484375
0 0.821533203125 0.6484375 0.01123046875 0.020833333333333332
0 0.799072265625 0.767578125 0.01220703125 0.022135416666666664
0 0.85302734375 0.6813151041666666 0.0107421875 0.021484375
0 0.8984375 0.6920572916666666 0.009765625 0.01953125
0 0.916015625 0.732421875 0.0087890625 0.01953125
