0 0.693603515625 0.400390625 0.01513671875 0.026041666666666664
0 0.90185546875 0.42447916666666663 0.009765625 0.020833333333333332
0 0.85986328125 0.4661458333333333 0.009765625 0.020833333333333332
0 0.898193359375 0.6920572916666666 0.01025390625 0.020833333333333332
0 0.91650390625 0.7327473958333333 0.009765625 0.020182291666666664
0 0.798583984375 0.767578125 0.01025390625 0.022135416666666664
0 0.60595703125 0.7005208333333333 0.017578125 0.026041666666666664
0 0.111083984375 0.9641927083333333 0.03369140625 0.04036458333333333
0 0.01806640625 0.9130859375 0.0361328125 0.041015625
0 0.067138671875 0.90234375 0.03759765625 0.041666666666666664
0 0.114990234375 0.8938802083333333 0.03466796875 0.04036458333333333
0 0.15966796875 0.884765625 0.0322265625 0.037760416666666664
0 0.20263671875 0.8766276041666666 0.0322265625 0.037109375
0 0.24365234375 0.8629557291666666 0.0302734375 0.037109375
0 0.2841796875 0.8610026041666666 0.0283203125 0.035807291666666664
0 0.251708984375 0.14908854166666666 0.02978515625 0.03515625
0 0.212158203125 0.12434895833333333 0.02978515625 0.0390625
0 0.16845703125 0.10872395833333333 0.03125 0.0390625
0 0.12841796875 0.123046875 0.033203125 0.0390625
0 0.08154296875 0.09309895833333333 0.0341796875 0.0390625
0 0.03369140625 0.09830729166666666 0.037109375 0.04427083333333333
0 0.0224609375 0.154296875 0.0380859375 0.04296875
