0 0.022705078125 0.15397135416666666 0.03662109375 0.041015625
0 0.0322265625 0.09830729166666666 0.0361328125 0.041666666666666664
0 0.081298828125 0.09309895833333333 0.03564453125 0.04036458333333333
0 0.1279296875 0.12239583333333333 0.033203125 0.04036458333333333
0 0.168212890625 0.10774739583333333 0.03173828125 0.039713541666666664
0 0.21142578125 0.12337239583333333 0.0302734375 0.035807291666666664
0 0.25048828125 0.14778645833333331 0.02734375 0.033854166666666664
0 0.0087890625 0.6764322916666666 0.017578125 0.0390625
0 0.017822265625 0.7734375 0.03564453125 0.04036458333333333
0 0.017822265625 0.9111328125 0.03466796875 0.03841145833333333
0 0.067626953125 0.9020182291666666 0.03564453125 0.039713541666666664
0 0.115478515625 0.8929036458333333 0.03369140625 0.03841145833333333
0 0.160400390625 0.8850911458333333 0.03271484375 0.037109375
0 0.203369140625 0.876953125 0.02978515625 0.03515625
0 0.11083984375 0.962890625 0.033203125 0.037760416666666664
0 0.244384765625 0.8623046875 0.02880859375 0.037109375
0 0.284912109375 0.8610026041666666 0.02783203125 0.03450520833333333
0 0.365966796875 0.7906901041666666 0.02392578125 0.029296875
0 0.798095703125 0.7682291666666666 0.01123046875 0.022135416666666664
0 0.65234375 0.5869140625 0.015625 0.025390625
0 0.7861328125 0.671875 0.0107421875 0.022135416666666664
0 0.846923828125 0.703125 0.01123046875 0.020833333333333332
0 0.898193359375 0.6910807291666666 0.00830078125 0.021484375
0 0.915771484375 0.732421875 0.00830078125 0.01953125
0 0.762451171875 0.40104166666666663 0.01318359375 0.0234375
0 0.80712890625 0.4716796875 0.0107421875 0.022786458333333332
0 0.445068359375 0.5634765625 0.02294921875 0.030598958333333332
