0 0.02734375 0.79296875 0.01171875 0.024739583333333332
0 0.00927734375 0.7434895833333333 0.0126953125 0.026041666666666664
0 0.025634765625 0.7470703125 0.01220703125 0.025390625
0 0.04345703125 0.7516276041666666 0.0126953125 0.025390625
0 0.061279296875 0.7552083333333333 0.01318359375 0.026041666666666664
0 0.07958984375 0.7545572916666666 0.013671875 0.026041666666666664
0 0.100830078125 0.7630208333333333 0.01416015625 0.02734375
0 0.144775390625 0.7249348958333333 0.01611328125 0.027994791666666664
0 0.586181640625 0.2548828125 0.02978515625 0.041015625
0 0.403564453125 0.5569661458333333 0.02294921875 0.03450520833333333
0 0.712890625 0.8922526041666666 0.033203125 0.039713541666666664
0 0.85302734375 0.8095703125 0.0390625 0.043619791666666664
0 0.01025390625 0.20930989583333331 0.013671875 0.026692708333333332
0 0.02783203125 0.20638020833333331 0.0146484375 0.02734375
0 0.046875 0.2119140625 0.0146484375 0.026692708333333332
0 0.188232421875 0.5286458333333333 0.01611328125 0.029947916666666664
0 0.705322265625 0.3567708333333333 0.03466796875 0.04427083333333333
0 0.67041015625 0.7141927083333333 0.033203125 0.0390625
