0 0.01806640625 0.7744140625 0.0361328125 0.039713541666666664
0 0.01806640625 0.912109375 0.0361328125 0.04036458333333333
0 0.06787109375 0.9020182291666666 0.0361328125 0.039713541666666664
0 0.11572265625 0.8932291666666666 0.0341796875 0.037760416666666664
0 0.160400390625 0.884765625 0.03271484375 0.037760416666666664
0 0.110595703125 0.9635416666666666 0.03466796875 0.0390625
0 0.202880859375 0.876953125 0.03076171875 0.03645833333333333
0 0.24365234375 0.8623046875 0.029296875 0.03450520833333333
0 0.28466796875 0.8610026041666666 0.02734375 0.03450520833333333
0 0.365966796875 0.7903645833333333 0.02392578125 0.03255208333333333
0 0.445068359375 0.5631510416666666 0.02197265625 0.03125
0 0.65185546875 0.5869140625 0.015625 0.025390625
0 0.75146484375 0.6953125 0.0126953125 0.0234375
0 0.8408203125 0.7213541666666666 0.0107421875 0.022135416666666664
0 0.79931640625 0.7682291666666666 0.0107421875 0.020833333333333332
0 0.89794921875 0.6920572916666666 0.009765625 0.01953125
0 0.916259765625 0.7327473958333333 0.00927734375 0.020182291666666664
0 0.7626953125 0.40104166666666663 0.0126953125 0.024739583333333332
0 0.78515625 0.41764322916666663 0.01171875 0.024088541666666664
0 0.00927734375 0.6754557291666666 0.0185546875 0.03841145833333333
0 0.25146484375 0.14811197916666666 0.0302734375 0.037109375
0 0.211669921875 0.123046875 0.03076171875 0.037760416666666664
0 0.168212890625 0.1083984375 0.03271484375 0.039713541666666664
0 0.02197265625 0.15299479166666666 0.0380859375 0.041666666666666664
0 0.033203125 0.09798177083333333 0.0380859375 0.04231770833333333
0 0.081298828125 0.09309895833333333 0.03564453125 0.04036458333333333
0 0.128173828125 0.12272135416666666 0.03466796875 0.039713541666666664
