0 0.0478515625 0.21321614583333331 0.0146484375 0.024088541666666664
0 0.02685546875 0.20833333333333331 0.0166015625 0.02734375
0 0.010986328125 0.208984375 0.01611328125 0.024739583333333332
0 0.006103515625 0.23502604166666666 0.01220703125 0.020833333333333332
0 0.0087890625 0.7438151041666666 0.0126953125 0.027994791666666664
0 0.025634765625 0.7477213541666666 0.01416015625 0.025390625
0 0.04345703125 0.7513020833333333 0.0146484375 0.02734375
0 0.06103515625 0.7552083333333333 0.013671875 0.026041666666666664
0 0.07958984375 0.7552083333333333 0.015625 0.028645833333333332
0 0.10009765625 0.7633463541666666 0.015625 0.027994791666666664
0 0.14501953125 0.7249348958333333 0.015625 0.027994791666666664
0 0.18798828125 0.5276692708333333 0.0166015625 0.030598958333333332
0 0.404296875 0.5579427083333333 0.0244140625 0.0390625
0 0.5869140625 0.2561848958333333 0.0302734375 0.044921875
0 0.642822265625 0.2724609375 0.03466796875 0.044921875
0 0.592041015625 0.7386067708333333 0.02880859375 0.043619791666666664
0 0.71337890625 0.892578125 0.0322265625 0.041666666666666664
0 0.836669921875 0.841796875 0.03955078125 0.046875
0 0.027587890625 0.7945963541666666 0.01416015625 0.029296875
