0 0.916259765625 0.732421875 0.00927734375 0.020833333333333332
0 0.89794921875 0.6920572916666666 0.009765625 0.01953125
0 0.83349609375 0.74609375 0.0107421875 0.020833333333333332
0 0.763916015625 0.265625 0.01318359375 0.0234375
0 0.69775390625 0.3798828125 0.0146484375 0.025390625
0 0.65234375 0.5869140625 0.0146484375 0.027994791666666664
0 0.5830078125 0.8030598958333333 0.0185546875 0.027994791666666664
0 0.4453125 0.5634765625 0.021484375 0.030598958333333332
0 0.365234375 0.7903645833333333 0.025390625 0.03515625
0 0.28466796875 0.8610026041666666 0.02734375 0.03450520833333333
0 0.243408203125 0.8629557291666666 0.02880859375 0.035807291666666664
0 0.202880859375 0.8766276041666666 0.03173828125 0.035807291666666664
0 0.159912109375 0.8844401041666666 0.03271484375 0.037109375
0 0.111083984375 0.9641927083333333 0.03466796875 0.0390625
0 0.114990234375 0.8929036458333333 0.03466796875 0.03841145833333333
0 0.067138671875 0.9020182291666666 0.03564453125 0.039713541666666664
0 0.017578125 0.912109375 0.03515625 0.04036458333333333
0 0.01806640625 0.7740885416666666 0.0361328125 0.04036458333333333
0 0.798828125 0.7672526041666666 0.0107421875 0.021484375
0 0.00927734375 0.6754557291666666 0.0185546875 0.039713541666666664
0 0.251708984375 0.14908854166666666 0.02978515625 0.037760416666666664
0 0.212646484375 0.125 0.02978515625 0.03645833333333333
0 0.16796875 0.10904947916666666 0.0322265625 0.039713541666666664
0 0.128662109375 0.12337239583333333 0.03466796875 0.04231770833333333
0 0.081787109375 0.09537760416666666 0.03564453125 0.04231770833333333
0 0.032958984375 0.0986328125 0.03662109375 0.043619791666666664
0 0.02197265625 0.154296875 0.0380859375 0.041666666666666664
