0 0.815185546875 0.8844401041666666 0.03759765625 0.04231770833333333
0 0.712646484375 0.8919270833333333 0.03271484375 0.04036458333333333
0 0.40380859375 0.5582682291666666 0.021484375 0.03450520833333333
0 0.446533203125 0.2626953125 0.02392578125 0.035807291666666664
0 0.576171875 0.028645833333333332 0.029296875 0.041666666666666664
0 0.30810546875 0.8043619791666666 0.01953125 0.030598958333333332
0 0.18798828125 0.5283203125 0.015625 0.027994791666666664
0 0.144775390625 0.7249348958333333 0.01513671875 0.027994791666666664
0 0.100830078125 0.7630208333333333 0.01416015625 0.02734375
0 0.080078125 0.7548828125 0.0146484375 0.027994791666666664
0 0.06103515625 0.7552083333333333 0.013671875 0.02734375
0 0.043701171875 0.7516276041666666 0.01318359375 0.026692708333333332
0 0.025634765625 0.7467447916666666 0.01318359375 0.026041666666666664
0 0.02734375 0.7923177083333333 0.0126953125 0.024739583333333332
0 0.00927734375 0.7434895833333333 0.0126953125 0.026041666666666664
0 0.046630859375 0.2109375 0.01513671875 0.02734375
0 0.028076171875 0.20572916666666666 0.01611328125 0.02734375
0 0.01025390625 0.20930989583333331 0.013671875 0.027994791666666664
