0 0.91650390625 0.7327473958333333 0.009765625 0.021484375
0 0.89794921875 0.6923828125 0.009765625 0.020182291666666664
0 0.833984375 0.7464192708333333 0.0107421875 0.021484375
0 0.79931640625 0.7679036458333333 0.0107421875 0.022786458333333332
0 0.763671875 0.2659505208333333 0.0126953125 0.025390625
0 0.690673828125 0.37858072916666663 0.01416015625 0.026692708333333332
0 0.65185546875 0.5862630208333333 0.0146484375 0.026692708333333332
0 0.56103515625 0.8102213541666666 0.0185546875 0.029296875
0 0.44482421875 0.5634765625 0.021484375 0.030598958333333332
0 0.365966796875 0.7903645833333333 0.02392578125 0.03125
0 0.284912109375 0.8603515625 0.02783203125 0.035807291666666664
0 0.24365234375 0.8623046875 0.0283203125 0.035807291666666664
0 0.20263671875 0.8759765625 0.03125 0.035807291666666664
0 0.16015625 0.8844401041666666 0.0322265625 0.037109375
0 0.114990234375 0.8932291666666666 0.03369140625 0.0390625
0 0.111083984375 0.9635416666666666 0.03466796875 0.0390625
0 0.067626953125 0.9013671875 0.03662109375 0.039713541666666664
0 0.01806640625 0.9117838541666666 0.0361328125 0.041015625
0 0.01806640625 0.7740885416666666 0.0361328125 0.04036458333333333
0 0.00927734375 0.67578125 0.0185546875 0.037760416666666664
0 0.25146484375 0.1494140625 0.029296875 0.03450520833333333
0 0.212158203125 0.1240234375 0.02978515625 0.03841145833333333
0 0.16796875 0.10904947916666666 0.03125 0.03841145833333333
0 0.128173828125 0.123046875 0.03466796875 0.0390625
0 0.081298828125 0.09309895833333333 0.03564453125 0.041666666666666664
0 0.03271484375 0.09830729166666666 0.037109375 0.04296875
0 0.0224609375 0.15364583333333331 0.0380859375 0.04296875
