0 0.81494140625 0.8844401041666666 0.037109375 0.044921875
0 0.71240234375 0.8916015625 0.0322265625 0.039713541666666664
0 0.576171875 0.0283203125 0.03125 0.04231770833333333
0 0.44091796875 0.2639973958333333 0.0234375 0.035807291666666664
0 0.403564453125 0.55859375 0.02294921875 0.033854166666666664
0 0.297119140625 0.798828125 0.02001953125 0.03125
0 0.1884765625 0.5283203125 0.015625 0.027994791666666664
0 0.14501953125 0.7239583333333333 0.0146484375 0.02734375
0 0.100830078125 0.7630208333333333 0.01513671875 0.02734375
0 0.080322265625 0.7542317708333333 0.01416015625 0.026692708333333332
0 0.06103515625 0.7542317708333333 0.013671875 0.026692708333333332
0 0.043701171875 0.751953125 0.01318359375 0.026041666666666664
0 0.025634765625 0.7473958333333333 0.01318359375 0.026041666666666664
0 0.009033203125 0.7431640625 0.01220703125 0.026692708333333332
0 0.027587890625 0.79296875 0.01220703125 0.024739583333333332
0 0.046875 0.21126302083333331 0.0146484375 0.027994791666666664
0 0.02734375 0.20572916666666666 0.013671875 0.02734375
0 0.010009765625 0.208984375 0.01318359375 0.02734375
