0 0.36572265625 0.791015625 0.0263671875 0.033854166666666664
0 0.01806640625 0.7740885416666666 0.0361328125 0.0390625
0 0.017578125 0.9127604166666666 0.03515625 0.041666666666666664
0 0.06689453125 0.9020182291666666 0.037109375 0.039713541666666664
0 0.114990234375 0.8932291666666666 0.03466796875 0.037760416666666664
0 0.11083984375 0.9635416666666666 0.0341796875 0.037760416666666664
0 0.159912109375 0.8850911458333333 0.03271484375 0.037109375
0 0.202392578125 0.8766276041666666 0.03173828125 0.037109375
0 0.24365234375 0.8626302083333333 0.0302734375 0.03645833333333333
0 0.284912109375 0.8603515625 0.02783203125 0.03450520833333333
0 0.55078125 0.80859375 0.0185546875 0.02734375
0 0.6513671875 0.5865885416666666 0.015625 0.028645833333333332
0 0.68603515625 0.3772786458333333 0.0146484375 0.025390625
0 0.444580078125 0.5628255208333333 0.02197265625 0.029296875
0 0.7998046875 0.765625 0.013671875 0.026041666666666664
0 0.834716796875 0.7451171875 0.01513671875 0.027994791666666664
0 0.897705078125 0.6904296875 0.01123046875 0.022786458333333332
0 0.916748046875 0.7317708333333333 0.01123046875 0.022135416666666664
0 0.76513671875 0.267578125 0.013671875 0.028645833333333332
0 0.00927734375 0.6761067708333333 0.0185546875 0.03841145833333333
0 0.251953125 0.1484375 0.02734375 0.037760416666666664
0 0.2119140625 0.1240234375 0.0302734375 0.03841145833333333
0 0.16845703125 0.10774739583333333 0.033203125 0.039713541666666664
0 0.12841796875 0.12337239583333333 0.03515625 0.041015625
0 0.022705078125 0.154296875 0.03759765625 0.04296875
0 0.032958984375 0.09895833333333333 0.03955078125 0.04427083333333333
0 0.082275390625 0.09342447916666666 0.03564453125 0.04231770833333333
